39	14	40	39	31	38	25	0	13	32	1	24	37	38	24	40	18	39	16	20	8	28	8	42	13	5	27	18	14	0	5	3	16	47	45	48	37	20
0
3	27	41	42	1
12	43	49	35	3	30	43	45	43	48	25	11	14	25	18	20	42	17	15	42	5	37	42	5	43	45	32	34	39	36	17	4
18	39	34	48	32	30	42	32	5	5	46	32	24	18	26	41	33	18	48	22	12	4	15	10	38	1	1	24	18	5
37	44	40	37	28	22
12	29	37	11	13	11	29	40	4	15	10	5	37	25	11	5	35	49	6	38	26	27	44	31	14	40	23	1	21	47
33	28	22	44	42	33	24	34	39	39	44	46	28	19	7	33	6	7	40	45	35	17	41	16	33	33	42	36	4	41	21	38	20	43
12	28	10	46	20	49	42	16	30	14	24	13	20	33	5	17	18	24	8	36	9	42	30	48	48	22	19	36	42	15	23	6	43	33	4
35	46	32	15	10	8	30	33	41	38	0	11	12	11	47	24
28	22	1	0
40	44	8	15	2	4	48	6	19	35	4	3	0	17	11	33	0	4	21	2	15	35	13	13	9	18	43	33	22	45	27	14	41	37	29	43	43	29	49	15	15	5	18	17
32	0	24	36	21	29	4	7	44	19	18	13	12	2	37	9	31	1	0	20	30	43	14	11	44
26	1	49	44	26	31	44	2	20	18	31	26	25	26	45	43	41	9	47	28	18	28	29	20	49	11	13	15	22	9
1	10	45	47	36	29	41	39	49	9	20	27	36	48	22	32	39	31	29	17	1	10	48	21	9	11	36	26	34	45	22	37	5	17	34	42	46	27	33	47	37	3	24	25	4
7	45	31	37	15	32	47	13	3	8	25	39	34	11	36	8	0	42	25	34	36	24	11	19	23	0	24	0	26	28	48	33	24	32	22	41	14	19	4	20	29	31	11	15	44	48	23	44	42
30	28
42	47	0	44	23	2	22	4	3	6	30	35	28	21	1	0	25	21	31	9	35	47	3	33	22	0	25	23
5	0	24	4	3	19	27	7	41	31	10	49	11	47	30	32	49	32	10	22	13	19	7	10	24	42	33	24	19	8	5
11	29	28	14	0	8	23	44	39	36	43	3	33	23	37	34	5	47	7	21	18	16	33	43	11
19	30	27	26	7	38	8	35	4	8	45	27	2	37	13	46	40
21	29	33	29	27	42	0	47	9	33	42	20	2	12	2	29	38	9	19	46	47	23	7	42	2	9	29	16	7	21	17	31	1	0	10	30	43	12	27	4	45	20	24	49	34	28	30	22	38	49
35	24	28	27	27	37	9	45	47	30	12	28	33	14	38	13	7	0	41	13	47	13
49	47	16	29	21	6	31	42	41	5	20	20	34	10	29	29	7	12	43	35	45	10	25	11	17	27	4	31	26	17	20	25	16	38	5	37	46	38
37	43	2	8	28	12	39	9	19	3	5	6	1	15	31	12	34	8	16	17	35	35	40	12	3	30	19	40	27	7	22
3	25	24	33	39	16	44	9	19	49	17	20	16	49	34
9	2
46	37	10	9	42	41	28	33	20	36	7	36	41	34	11	24	24	29	18	35	48
2	21	36	1	5	39	13	10	10	9	49	22	18	42	15	49	27	35	37	34	22
19	35	2	43	16	20	28	16	42	30	37	29	34	45	18	47	7	30	6	6	3	27	48	20	26	25	6	13	10
41	29	17	45	24	33	17	4	49	10	34	39	39	20	36	9	17	43	42	26	49	45	3	0	17	29	25	23	44	35	5
16	24	32	42	7	1	46	9	11	33	0	2	3	38	14	21	31	6	49	32	3	2	32	20	33	10	46	27	47	1	14	16	26	48	8	35	49	7
13	40	48	15	45	36	29	16	19	37	17	4	40	19	38	11	2	48	9	31	46	10	45	12	38	45	22	26	45	29	24	8	19	23	25	15	11	7	33	31	44	3	35	37	22	25	48
24	9	8	20	21	6	34	12	1	6	38	46	38	14	6	9	39	32	26	1	39	12	34	35	15	21	22	37
22	14	20	31	25	42	3	31	26	15	32	35	5	31	23	19	37	32	11	21	9	12	12	21	46	48	36	17	22	25	13	45	42	36	28	17	28	31	0	7	48	32	42	5	15	17	27
49	38	24	10
37
48	37	19	15	9	47	30	4	39	16	33	8	45	16	8	2	17	42	46	22	8	13	49	13	14	37	39	25	39	28	8	37	15	30
27	29	35
20	1	18	28	46	35	38	0	2	32	48	26	42	11	26	5	28	15	47	5	5	25	15	42	43	45	47	20	26	32	3	46	35	22
34	9	16	34	13	49	35	39	43	46	17	49	26	33	48	31	40	23	47	32	16	44	31	38	21	15	42
1	14	44	35	25	12	21	38	11	6	27	5	5	45	6	31	30	6
20	29	12	4	48	6	36	36	29	3	30	49	4	46	45	41
7	13	9	19	21	39	26	26	36	34	10	16	40	25	36	21	37	40	19	45	28	8
32	38	24	38	35	19	30	8	28	45	18	47	16	7	25	45	43	9	5	11	1	30	47	23	19	39
16	20	2	43	4	43	19	42	30	40	24	38	19	19	6	18	38	15	44	33	10	5	38	21	7	20	20	32	39	10	26	7	30	31	1	34	24	22	28	4	13	3	44	34	24
2	12
48	45	29	4	33	2	13	5	23	47	46	33	23	4	15	6	7	1	30
31	36	44	34	31	28	9	34	31	23	4	29	19	33	35	4	38	0	12	11	47	8	44	23	12	11	29	21	14	12
45	0	47	30
28	41	19	9	16	24	40	37	9	28	42	47	30	4	8	28	14	4	3	29	15	34	0	29	48	3	27	1	3	7	34	31	0	4
18	28	34	6	37	12	48	35	45	4	45	23	20	0	28	49	17	12	2	49	13	7	26	14	10	35	48	43	37	4	35	5	32	22	11	22	36	11	9	31	15	4	6
4	34	37	22	49	39	21	14	47	49	28	9	34	28	3	21	33	40	26	17	12	38	39	1	49	0	32	17	5	39	5	11	25	42	35	26	34	8	40
7	18	40	41	49	45	12	32	38	41	49	0	29	41	3	30	41	36	47	48	27	4	10	4	49	45	31	33	4	23	16	11
8	3	41	4	17	25	42	8	24	44	39	17	0	20	9	38	19	7	15	24	19	21	23	15	4	8	19	28	24	32	22	32	37	13	38	7	40	32	17	16	27	7	34
29	45	17	48	2	34	24	22	5	47	39	10	5	10	38	29	42	12	14	32	25	2	39	17	35	6	33	14	13	17
42	12	12	43	17	46	17	41	1	17	32	13	22	42	3	4	36	15	18	18	42	22	7	9	9	14	43	25	29	12	18	24	27	30	17	44	28	34	37	30	1	19	45	26
49	30	47	16	0	16	9	24	25	20	34	39
9	19	28	30	43	5	12	12	1	41	46	38	23	0
18	28	22	19	10	21	36	10	39	45
15	17	20	4	33	32	25	11	12	20	16	26	32	19	19	31	9	42	33	18	13	11	40	32	21	11	18	33	3	15	19	18	33	40	24	16	24
29
22	47	14	5	16	34	36	25	26	21	45	41	32	37	24	3	0	44	38	3	12	7	21	45	49	46	13	23	48	42	9	20	39	26	25	7	10
34	38	34	29	30	18	16	6	23	16	0	11	20	14
41	9	18	39	24	42	37	18	3	8	9	29	35	16	41	1	0	32	37	31
6	47	20	31	16	22	43	36	37	12	29	48	32
23	26	8	43	30	18	3	11	4	19	5	7	22	37	44	3	1	0	3	21
19	43	27	7	32	41	36	31	23	7	6	2	18	49	32	36	4	45	42	26	0	49	0	37	44	3	38	46	8	11	30	27	7	9	34
0	23	22	26	32	28	28	0	30	10	39	36	7	31	12	8	33	12	47	27	18	38	25	26	49	8	6	6	17	42	48	18	17	20	44	0	1	22	2	31
43	19	41	27	32	1	10	46	1	39	16	39	14	45	40	24	3	49	42	45	47	10	13	17	6	15	18	30	19	1	14	15	21	7	42
11	2	3	12	43	22
9	17	45	34
44	26	17	41	38	30	9	44	47	29	24	19	31	40	34	4	49	28	11	10	32
24	25	36	29	34	5	25	20	25	19	46	43	13	36	25
32	25	1	8	44	34	48	30	40	0	8	1	10	42	16	37	17	4	16	3	10	43	24
13	22	30	26	9	6	0	41	33	3	2	29	40	0	9	30	2	19	32	13	13	0	2	30	4	18	35	14	12	9	2	27	34	34	5	43
5	36	25	10	38	4	0	41	15	31	45	36	15	8	49	15	10	31	19	31	17	36	45	28	40	22	12	24	29	7	17	36	44	44	46	34	1	49	27	16	32	23	3
33	4	14	46	36	33	29	3	21	24	31	13	48	44	38	29	3	7	15	47	3	13	34	4	12	13	21	46	38	26	45	24	32	9	22	18	45	1	23	16	27	7	32	25	3	22	4	6
21	6	34	34	42	39	49	5	12	45	46	40	41	22	22	0	44	43	45	45	16	14	22	23	46	49	26	18	5	33
26	39	35	10	31	24	9	38	38	7	36	28	48	8	3	0	2	46	48	47	12	14	21	38	12	20	14	32	25	49	33	1	40	18	14	21	45	25	12	35	32	48	14	32	9	19	35	11	15	35
27	49	32	15	13	5	32	45	32	31	30	36
0	0	45	45	25	9	33	10	10	47	44	19	18	29	32	33	14	43	12	15	28	28	30
12	25	17	45	7	3	19	8	3	17	5	31	26	38	43	38	37	37	7	5	17	42	38	33	35	1	1	15	31	31	0	45	9	18	40	16
12	26	27	29	34	10	7	22	3	46	12	40	5	19	9	47	8	45	35	11	46	0
29	3	41	38	21	33	7	44	45	35	21	24	19	31	34	44	36	30	8	27	37	27	38	35	37	33	22	48	31	24	44	11	27	37	1	0	21	10	45	16	48	18	43	17	2
13	38	9	21	17	46	49	6	33	36	39	7	37	21	32	33	34	9	21	35	10	42	48	7	10	46	25	3
29	32	29	20	41	2	37	40	1	43	25	40	35	33	29	6
12	40	26	35	27	38	29	25	45	40	21	23	45	37	4	28
24	19	20	12	11	24	7	37	14	42	20	43	48	37	7	40	15	45	20
24	47	1	16	21
12	8	29	40	28	3	11	48	17	23	22	25	10	38	17	32	33	18	19	43	10	36	38	32	40
30	42	31	1	18	43	11	49	33	39	5	44	37	22	17
49	29	0	17	11	36	37	32	29	49	19	17	32
31	12	3	12	15	24	7	26	23	40	17	28
4	1	6	18	0	36	21	19	49	7	8	32	36	8	3	3	42	14	36	6	20	1	21	44	8	49	17	49	16	46	38	22	49	44	41	1	30	14
32	21	29	14	9	39	17	14	31	33	0	39	3	1	10	47	12	11	17	13	27	13
0	14
43	15	30	9	36	12	30	18	26	41	9	45	5	43	28	7	32	34	11	45	33	23	6	0	36	36	15	39	38	29	36	33	45	16	42	33	28	24	3	6	15	13	1	20	8	32	29	40
40	37	1	13	44	4	1	32	21	42	20	1	29	3	48	45	45	33	26
37	32	36	2	36	6	10	20	37	2	40	28	40	41	43	36	47	47	18	19
38	22	18	43	20	16	38	5	44	9	44	28	45	48	14	3	8	36	40	13	26	20	3	20	14	41	19	11	9	38	2	49	10	21	42	32	39	32	38	33
34	11	38	33	28	41	43	16	33	6	45	4	11	15	20	2	34	33	13	25	35	12	37	8	6	20	49	38	10	34	29	44	46	19	29	26	12	23	42	46	31	37
45	4	22
41	7	13	16	42	25	3	3	32	25	2	22	35	37	4	32	35	23	13	11	36	36	5	32	20	45	36	15	1	8	14	42	15	27	10	9	5	16	12	39	43	15	11	29	4	15	13	39
26	2	27	15	9	11	35	6	47	2	8	7	18	2	24	46	15	33	3	33	48	44	26	15	5	7	19	23	20	10	14	49	14	43	16	23	4	3	32	3	5	42
23	44	36	21	11	21	26	44	19	20	21	36	28
5	1	1	17	17	2	31	10	20	7	16	23	39	19	30	33	31	5	27	19	29	41	40	5	35	12	26	8	48
39	6	7	42	23	26	46
38	16	16	4	41	7	25	21
8	26	19	27	7	10	19	13	48	31	41	8	30	47	47	38	6	41	13	34	37	20	22	3	38	26	44	45	3	17	35	11	46	7	40	3	19	9	18	17	41
26	23	8	25	13	16	17	26	0	6	47	22
37	0	6	33	3	26	20	14	22	27	4	27	47
46	16	9	7	44	34	18	20	47	36	39	23	37	45	22	11	7
12	16	43	15	44	15	32	16	45	38	45
4	43	10	13	3	5	49	23	27	46	9	18	20	48	13	42	10	23	4	22	39	47	39	35	15	21	1	10	12	48	4	16	42	14	32	47	21	33	20	0	30	29	18	2	30
46	40	7	1	14	48	0	3	33	15	27	36	25	41	36	29	7	28	46	41	27	19	25	47	20	7	29	40	9	9	24	5	1	31	6
31	7	20	14	22	47	2	0	38	39	31	48	19	27	41	47
18	46	19	27	25	11	36	36	36	42	37	19	0	4	1	7	25	17	32	24	20	34	15	11	15	15	30	43	8	29	44	27	26	15	4	3	26	43	40	12	35	29	32	37	34	33	47	9	2	29
22	15	0	33	30	15	16	25	24	45	19	1	21	34	7	25	11	0	17	23	37	48	7	27	32	40	24	43	43	5	29	17	20	29
0	45	21	26
16	45	22	40	32	31	17	43	34	36	18	23	34	26	0	19	18	24	12	13	29	43
49	23	36	2	20	7	28	41	25	25	15	15	9	48	34	2	32	20	23	8	5	49	8	24	19	35	38	33	16	32	16	18	5	4
25	13	0	18	40	27	33	6	37	31	42	41	16	13	14	24	18	15	34	44	35
32	20	36	14	36	4	19	42	26	46	5	26	16	45	5	49	3	42	33	46
49	9	0	25	29	18	9	23	3	31	5	25	19	20	11	23	41	5	1	40	12	27	6	7	32	8	13	27	41	11	13	42	22	15	19	3	33
26	38	11	33	13	30	5	26	5	47	31	6	39	43	35	45	3	18	3	18	47	46	29	10	40	3	27	9	6	11	40
1	3	17	15	36	23	43	41	22	25	48	11	20	35	8	23	3	14	41	2	12	22	14	3	25	42	14	31	5	6	15	6	10	35	23
10	17	39	32	44	39	45	14	25	5	40	30	19	31	33	32	6	47	37	31	39	1	15	46	8	32	3	20	17	28	16	29	45	7	11	41	47	8	6	22	14	46	2	35	29	37	17
35	4	17	26	8	34	23	16	16	28	38	36	6	4	15	4	11	29	45	10	37	3	32	3	1	37	39	31	24	8	18	11	15	37	38	23
13	41	40	43	29	28	1	35	45	5	48	24	3	9	14	8	43	19	10	30	8	43
17	11	16	34	49	6
22	21	0	14	14	31	42	16
38	23	16	14	28	25	30	37	21	2	49	1	10	44	8	29	5
13	6	33	22	31	5	22	45	21	5	40	37	21	28	13	38	44	41	15	27	30	38	29	31	40	41
48	23	33	25	38	39	9	11	22	16	35	18	37	41	8	27	14	38	40	4	34	33	22	13	16	10
47	0	36	23	1	9	6	26	47	47	37	10	22	3	48	40	41	41	0	18	5	40	10	12	26	43	34	40	11	44	32	9	47	20	34	0	29	42	28	29	41	16	39
21	39	5	14	30	5	34	36	47	44	48	24	40	34
1	30	48	10	29	19	46	29	0	38	8	29	30	26	21
47	10	49	12	41	6	46	29	6	43	29	30	33	13	46	36	45	46	47	25	15	45	6	18	34	16	47	16	42	20	9	42	31	10	6	22	19	2	3	27	47	32	7	30
5	17	42	1	16	19	19	13	26	37	47	42	36	13	37	7	25	29	40	37	37	14	8	39	17	35	39	1	42	21	48	49	40	40	1	8	10	22	22	38	11	19	30	47	35	19	6	10
48
37	12	6	29	31	43	18	32	36	39	30	37	30	23	38	38	33	10	10	21	21	32	3	21	17	25	29	29	25	28	28	15	42	36	44	24	30	12	8	18	3	39	5	33	12	44	24	47
36	20	30	18	25	3	37
32
28	12	47	43	5	33	37	31	13	1	39	31	6	28	37	42	42
16	41	41	4	11	23	25	39	26	12	41	11	31	19	23	28	14	30	13	3	11	29	6	1	10	13	31	49	5	26	34	23	17	28
31	1	2	20	30	17	11	41	48	33	16	28	49	47	43	3	8	22	11	11	35	24	45	36	29	21	23	2
1	32	23	4	34	45	34	1	9	27	1	42	44	31	43	41	27	48	1	49	10	13	34	34	8	23	16	31	46	18	23	49	0	47	3	37	42	40	40	1	17
45	11	25	39	2	2	37	4	4	47	19	40	34	29	13	0	12	9	20	35	10	23	32	14	10	27	4	0	30	21	46	26	33	22	17	37	26	4	43	32	4	14	23	38	43
40	5	48	10	41	8	33	25	24	45	4	28	46	35	2	42	11	37	16	28	26	45	34	20	27	40	34	2	30	30	41	20	35	41	33	28	1	16	4
12	10	6	10	45	10	4	8	47	23	38	24	20	25	46	47	15	32	2	48	12	43	18	0	36	1	28
20	34	15	34	45	24	44	42	34	0	1	32	23	39	8	43	14	4	43	30	36	47	30	1	40	48	1	28	2	31	17	24	16	33	8	13	9	4
43	4	6	25	30	48
23	12	39	18	44	28	15	24	31	7	25	32	35	29	15	5	3	31	38	11	46	49	17	2	42	21	10	20	3	8	5	27	21	47	47	17
13	42	6	22	19	40	8	48	5	13	1	39	3	14	35	4	31	39	46	4	2	16	8	10	24	37
21	34	3	46	49	45	4	22	16	46	32	14	3	47	15	42	2	31	30	6	14	21	2	18	23	21	28	36	45	17	19	16	4	24
3	19	20	27	37	18	11	1	21	8	16	16	12	49	48
13	19	23	32	45	46	12	31	43	30	2	9	36	27	25	39	48	47	19	36	15
37	36	41	6	2	5	7	2	26	21	22	1	5	17	47	17	0	40	49	4	1	35	31	28	27	32	25	48	18	40	28
28	21	15	33	27	23	35	5
9	6	49	28	5	18	28	47	20	33	48	5	16	28	34	48	5	32	18	47	13	26	25	34	43	10	13	16	46	18	12	5	24	13	34	31	34	14	28	4	49	28	9	16	6
14	11	28	33	8	41	11	36	28	6	46	41	23	44	12	37	0	38	1	36	20	35	2	48	39	2	27	0	18	35	46	34	47	27	17	7	18	30	43	46	37	42	40	12	36	2	49
40	2	26	12	37	29	11	28	31	40	31	49	25	29	33	22	6	3	32	25	35	27	23	24	19	13	36	6	17	38	46	10	40	23	22	30	2	35	8
25	39	34	1	19	19	25	27	24	7	2	12	35	28	36	6	43	25	14	11	15	11	23	5	36	45	35	38	33	46	23	8	37	9	9	6
35	36	7	44	40	21	31	18	7	38	14	34	4	27	49	15	0	7	1	47	44	41	30	40	14	39	28	25	0	36	8
22	15	32	13	36	13	33	45	3	47	32	8	24	33	25	26	40	27	24	35	20	4	25	37	45	5	12	46	42	22	33	16	37	17	31	25	33	15
38	14	7	46	39	40	22	15	31	1	41	18	21	48	43	10	43	1	25	41	43	47	27	11
44	43	14	29	10	37	18	24	46	16	13	37	38	31	20	41	24	38	15	22	31	25	16	32	0	9	27	0	36	41	37	33	34	1	14	44	41	32
37	49	36	24	39	17	44	33	41	32	48	16	16	25	32	48	28	43	28	28	32
15	15	5	18	29	1	9	14	21	47	15	7	21	6	26	16	39	18	0	39
16	15	18	17	45	13	47	25	45	16	42	10	23	10	42	24	20	8	45	17	23	3	38	29	29	6	21	49	9	10	35	25	27	5	44	24	21
49	16	9	41	29	32	2	23	6	24	31	2	41	6	7	31	37	38	40	8	40	49	21	25	26	48	33	21	25	4	12	24	20	22	18	1	4	20	24	13	44	7
37	13	24	18	3	12	10	13	2	9	36	30	36	35	15	9
21	23	36	43	45	4	45	2	26	19	15
27	32	9	42	8	30	47	22	40	11	27	2	49	9	40	34	24	49	46	45	22	35	40
39	35	24	18	7	41	40	36	25	0	28	33	30	28	5	22	41	32	24	40	41
27	17	13	25	14	38	10	5	8	2	40	34	20	47	25
33	0	12	14	33	44	42	40	17	35	25
25	18	8	2	36	21	28	0	11	40	5	21	42	48	5	12	47	30	25	33	32	37	49	17	32	43	8	1	28	33	42	3	3	2	6	39	24	36	42	37	26	49
19	47	14	33	47	47	10	30	29	48
49	32	22	7	33	0	42	27	5	45	30	11	37	6	49	29	45	26	28	4	47	28	21	30	25	20	41	5	1	41
0	25	10	9	10	10	1	37	17	49	19	29	38	27	28	17	23	6	47	29	3	25	0	36	2	22	27	9	24	20	47	24	45	7	34	5	19
44	37	38	16	18	26	43	48	45	18	5	43	0	8	20	2	44	25	25	23	34	49	43	32	23	38	41	9	43	11	47	38	48	37	4	16	14	49
11	20	19	6	20	30	29	22	26	4	47	0	40	48	45
22	34	16	33	29	27	32	19	27	20	25	43	36	27	7	47	47	29	4	19	11	35	43	37	39
39	31	41	35	6	15	21	22	49	0	1	33	22	28	3	47	21	39	24	30	39	23	11	45	42	22	30	38	12	21	31	1	2	24	38	8	40	9	32	41	12	33	24	36
30	33	36	21	8	19	10	33	30	7	28	5	37	16
8	49	20	11	23	11	21	15	22	4	6	36	39	33	22	3	13	6
36	16	10	49	49	43	6	27	48	46	45	17	4	44	39	17	18	0	41	33	25	45	42	11	36	25	34	41	40	40	33	26	8	43	27	9	36	34	37	36	30	32
36	27	45	6
45	47	30	20	44	24	34	32	49	18	24	41	10	7	20	18	2	47	27	41	33	16	29	13	1	33	2	30	30	10	27	27	9	9	0	3	34	34	35	35	2	11	29	14	20	49	32	25
11	16	32	30	45	47	33	30	49	13	12	11	42	40	20	3	40	23	37	24	11	25	26	24	4	42	45	5	24	20	3	37	38	37	19	35	35	2	18	36	17	30	48	9	20	18	13	10	44
36	7	29
33	33	6	28	40	32	0	46	20	40	33	39	28	20	44
7	11	28	7	21	1	27	36	13	23	40	0	32	20	14	16	5	21	46	48	3	47	44	25	39	27	17	19	0	11	17	9	22	46	16	45	47	45	33	12	21	26	12	3	46	27	19	3	0
1	5	15	45	31	6	25	48	26	27	11	43	36	35	41	4	31
49	16	3	20	42	15	26	40	44	45	44	46	13	47	2	28	45	33	35	20	33	13	49	44	6	35	29	0	39	12	40	40	31	43	13	23	11	39	16	5	34
4	0	9	6	28	4	41	15	26	24	30	25	20
12	1	39	1	16	29	44	47	25	7	22	36	46	38	43	32	2	47	32	12	5	13	18	46	30	47	20	11	22	42	0	35	44	39	38	12	18	32
43	41	33	31	37	24	27	22	26	24
40	30	19	9	26	0	6
11	30	43	11	15	39	2	6	1	20	38	12	16	30	46	47	19	20	24	43	48	1	0	39	33	21	48	11	21	6	12	34	36	6	47	4	47	49	10	49	22	0	13	40	32	11	39	2	33	16
32	17	47	21	2	19	21	13	42	27	26	29	13	34	28	19	31	30	29	32	2	30	46	44	12	7	33	16	41	49	14	25	18	13	46	20	32	19	36	27	48	14	6	13	0	36
31	16	12	16	20	44	14	14	9	21	0	27	14	49	43	39	20	7	37	42	39	8	28	18	6	44	26	20	44	13	5	28	29	17
2	14	8	16	25	31	16	2	48	18	46	39	38	5	29	32	46	37	11	15	46	7	41	16	2	6	23	30	38	42	24	40	6	34	8	33	15	27	38	13	47	34	5	37	41
19	37	21	32	2	19	40	46	37	42	2	10	22	40	3	48	32	9	32	43	45	49	20	33	13	17	19	18	4	10	4	23	47	27	6
47	46	48
40	2	45	12	45	48	12	27	9	44	20	4	43	42	37	8	9	8	28	15	18	32	41	16	10	47	18	9	45	18	43	35	20	38	49
36	13	45	48	7	15	2	2	8	42	13	19	2	43	35	21
26	39	38	25	9	49	22	27	42	9	49	31	10	15	19	23	12	17	32	27	22	34	37	16	47	9	18	43	46
21	22	30	11	49	41	10	21	18	2	32	20	33	42	35	5	15	49	24	47	28	48	33	16	14	33	27	35	26	23	26	47	47	9	8	46	0	18	19	21	20	3
6	45	28	13	12	27	37	11	5	36	44	23	2	29	0	39	5	25	16	2	22	27	12	20	29	30	41	0	3	44	43	11	41	21	24	3	0	13	14	6	1	11
4	40	32	43	46	9	11	0	32	40	15	4	20	47	48	20	0	42	14	13	34	37	37	37	38	3	4	46	4	15	27	8
9	4	3	21	17	6
8	21	9	28	18	7
21
16	34	36
24	25	44	27	31	40	33
17	44	4	29	48	9	0	17	15	7	25	38	16	5	7	26	6	30	28	24	14	16	30	40	41	26	17	25	16	1	23	36	47	27	17	45	39	19	12	6	26	40	45	44	45	4	20
34	48	30	48
10	39	10	39	8	35	7	11	8	43	8	38	12	5	27	31	20
7	10	30	4	7	34	24	13	18	25	43	19	41	5	10	1	44	20	38	2	32	47	47	42	37	10	0	14	43	20	49	3	32	30
39	14	31	4	35	8	47	6
3
3	49	36	44	3	20	41	1	15	28	13	15	44	6	35	45	11
25	18	10	42	2	15	29	12	12	35	14	17	3	18	19	41	14	22	14	5
29	35	38	44	31	47	31	26	8	0	4	29	10	48	31	27	27	43	42	14	8	9	17	28
10	42	3	24	49	28	3	36	17	49	19	14	32	47	24	34	1	3	47	49	36	24	28	32	16	42	42	28	11
8	22	14	11	48	15	40	4	3	9	3	22	23	38	19	47	22	23	3	21	24	39	46
23	14	47	15
9	37	3	33	3	14	31	20	6	35	23	15	41	47	40	31	19	40	3	42	43	27	16	34	23	21	8	39	19	23	34	28	13	37	13	16	3	44	37	12	32	12	27
12	20	6	31	10	11	23	5	38	41	39	13	13	47	3	32	23	37	12	36	26	25	4	31	21	43
5	6	23	30	18	43	38	1	5	0	24	10	38	17	49	4	30	49	7	14	22	46	26	10	24	3	14	5	27	8	49	34	14	24	17	34	19	5	35	24	7	11	34	48
35	2	11	34	9	25	6	7	4	16	31	9	33	36	38	41	37	23	7	13	40	43	32	47	28	6	5	41	40
21	26	5	32
16	10	19	25	16	37	6	25	20	44	14
34	39	20	47	31	13	30	30	43	36	35	34
40	6	5	47	40	17	15	2	38	40	18	26	46	44	48	43	10	10	27	1	32	24	34	46	4	14	39	41
24	20	42
25	42	24	44	7	27	33	48	45	9	46	41	7	39	3	19	16	6	2	43	40	0	47	5	39	38	7	15	8	1	47	35	43
30	3	1	13	3	48	24	49	40	33	41	45	5	9	2	9	2	44	9	0	49	48	40	8	14
12	13
7	37	18	10	40	33	15	39	7	17	31	43	8	28	48	19	30	9	22	25	18	24	26	16	14	37	32	15	49	48	4	8	35	22	21	26	6
17	15	3	48	10	13	26	10	35	9	19	7	36	37	33	14	6	49	1	38	17	2	36	23	11	24	45	32	2	3	20	21	21	26	19	31	39
42	24	8	11	33	46	1	18	11	7	18	12	47	37	15	36	10	28	10	7	12	14	13	32	35	34	8	6	17	0	5	11	26	14	23	10	10	26	28	23	33	48	36	30	37	3	16	47
28	5	45	44	18	29	29	4	38	37	21	40	43	33	16	9	8	26	21	34	7	47	19	7	33	1	45	38	20	44	21	48	1	16
21	47	26	25	35	14	49	27	9	34	44	20	44	22	43	28	31	40	49	41	25	0	38	13	20	32	36	21	36	4	16	7	2	44	35	39	10	34	17	21	20	13	41	14	35	37
17	29	43	10	5	43	48	20	16	30	9	37	16	13	5	26	15	1	11	7	12	47	24	33	17	37	27	31	24	16	25	43	45	18	3	2	13	1	25	31	34	34	20	2	47
28	15	29	41	22	41	38	48	26	5	37	3	36	11	19	13	5	17	33	10	19	47	14	44	28	48
49	2	28	26	33	43	7	24	17	48	13	15	25	20	2	30	9	15	2	22	22	19	6	35	38	5	49	35	35	47	15
49	45	15	32	40	22	9	7	23	24	24	0	44	28	30	5	44	32	28	18	3	36	3	42	43	2	29	28	1	44	17	3	40	34	35	30	6
40	31	20	14	31	15	43	14	20	39	48	0	9	2	38	13	46	31	17	25	12	19	21	31	22	11	15	9	44	21	6	36	5	26	0	36	43	45	2	16	36	3	18	46	5	7	9
40	28	28	4
49	35	19	13	0	29	9	22	37	45	29	15	47	17	11	43	20	27	31	25	47	27	30	4	38	35	47	17	13	1	16	14	37	36	29	37	17	40	11	6	35	40	21	33	8	32	28	30
11	5	9	41	37	15	29	22	14	48	37	16
3	5	3	33	42	20	23	6	28	11	48	49	46	6	34	26
45	37	43	6	28	32	22	10	4	36	8	43	4	25	47	9	28	32	4	0	5	12	28	18	10	28	14	17	14	40	7	9	30	1	16	8	35	40	18
28	29	35	35	6	32	44	35	16	0	35	24	12	16	42	23	46	7	42	10	49	49	19	29	2	37	40	38	29	10	30	8	41	17	45	48	2	41	33	18	42	20	42
36	35	29	34	44	23	44
23	16	25	27	3	17	17	35	27	49	45	21	17	40	19	19	31	4	37	23	24	32	30	13	17	11	49	11	35	44	6	10	10	33	39	15	0	7	0	30	6	45	1	25
20	44	17	24	34	42	0	16	24	15	35	38	15	46	25	11	4	35	21	40	26	36	40	33	39	22	42	34	23	17	22	45	14	41	21	48
24	16	10	39	1	48	6	49	23	17	5	10	40	45	38	29	38	22	18	10	16	2	34	33	26	31	49	17	3	49	1	27	15	13
18	11	27	19	36	44	25	48	37	20	36	16	8	10	34	21	26	38	7
15	38	11	32	43	13	35	20	30	48	41	49	11
18	49	14	45	47	1	16	36	19	26	46	3	49	25	44	6	37	11	45
43
15	31	11	46	29	4	47	43	22	15	42	36	13	42	40	31	28	9	9	26	15	9	1	9	15	40	20	12	43	15	1	8	46	14	6	28	18	3	23
21	17	30	34	9	20	15	39	32	24	18	47	33	19	8	1	12	30	13	7	47	16	17	46	32	24	26	0	29	49	42	0	16	23	36	28	45	1	17	29	28	37	26
9	36	14	21	18	30	30	16	46	47	12	29	23	38
3	39	26	3	7	1	40	35	46	43	5	26	23	42	4	39	1	43	3	24	11	35	4	27	34	4	41	15	27	31	46	32
24	38	28	25	30	15	24	23	20	2	49	15	6	38	16	1	43	43	13	29	49
15	3	36	30	33	17	28	15	40	3	3	20	28	33	35	2	9	8	4	10	25	13	48	43	14	41	36	29	22	36	24	37	39	10	19	24	29	48	40	21	1	45	43
31	31	34	40	39	40	0	16	5	0	9	22	41	46	1	16	34	27	5	25	39	25	0	19	25	42	42	26	37	36	7	18
43	10	8	36	10	24	41	10	33	15	4	29	17	22	15	46	27	41
4	41	7	29	33	49	7	20	35	17	41	2	12	1	12	48	14	36	42	26	20	7	32	1	26	4	17	23	34	8	9	40	1	18	22	36	17
8	5	46	49	9	11	3	22	9	17	8	3	43	30	13	28	34	39	34	1	14	20	11	25	11	14	43	35	0	11
8	16	13	8	25	24	11	49	35	30	8	39	25	38	2
24	43	40	25
10	38	35	21	2	29	8	4	42
13	10	38	23	37	12	36	37	47	16	45	38	43	35	42	49	10	36	39	37	44	49	28	29
30	10	31	37	2	6	0	14	44	23	2	6	11	39	6	29	36	44	22	21	39	21	33	25
23	21	12	1	2	35	33	13	16	20	17
20	32	17	45	34	26	6	23	34	35	9	30	10	32	19	31	18	44	44	41	15	6	44	18
27	33	9	48	2	34	20	34	4	18	20	30	26	45	16	14	6	46	24	41	16	7	9	12	1	2	28	7	46	48	0	25	33	12	25	35	46	46	22	0	16	42
42	40	48	6	46	47	30	37	13	38	48	27	41	0	5	1	48	5	1	24	40	15	49	26	12	47	0	14	13	44	49	6	34
14	31	46	45	20	11	35	19	39	28	19	46	29	20	4	31	44	44	46	45	22	10	43	22	25	8	17	26	14	1	25	29	34	22	26	5	33	13	24	24	41	45	21	21	15	25	4	11	19	2
42	15	0	16	42	8	35	18
39	43	6	23	17	34	28	3	49	4	27	40	0	48	13	17	25	19	29	45	22	38	39	37	38	7
48	43	49	25	32	44	33	7	12	19	38	15	18	42	42	9	44	43	24	14	18	44	43	15	18	31	6	7	21	16	38	21
37	49	43	31	34	2	45	4	40	10	22	35
33	31	0	8	45	20
40	38	22	23	44
46	12	17	20	23	6	19	18	39	3	21	35	7	11	47	32	48	4	15	30	4	25	27	25	29	18	13	1	43	9
40	22	49	10	47	7	31	16	47	36	37	34	46	0	33	28	1	38	43	31	44	19	10	19	0	30	34	2	24	46	34
20	36	28	17	43	9	33	40	47	22	26	43	25	10	21	26	48
9	42	38	19	14	38	0	0	42	26	48	27	42	18	13	20	38	8
21	49	28	46	27	24	21	37	47	47	37	16	6	32	4	27	48	45	27	48	39	3	47	18	47	17	33	17	5	42	0	29
29	25	20	3	48	8	2	45	47	19	3	29	25	30	27	20	10	28	12	13	25	30	11	44	14	30	0	6	31	29	49	12	6	21	17	4	29	19	1	27	38	4	8	14
36	36	46	14	48	10	41	29	23	35	45	3	37	3	36	18	4	48	24	25	15	28	7	35	31	36	23	35	44	39	24	32	26	20	48	24	32
5	5	27	2	11	14	5	49	33	11	48	9	37	15	40	46	0	21	32	26	9	28	17	33	11	43	3	9	20	36	1	25	43	28	30	6	44	37	6	29
6	41	36	21	31	34	24	2	16	2	13	44	19	46	7	15	2	17	35	40	18	12	35	48	42	42	44	30	0	24	29	6	15	17	29	48	1	3	2	19	5	16	15	27	12	23	42	14	42	27
10	41	40	10	34
4	16	34	30	47	42	47	14	21	47	17	27	0	38	34	16	3	11	28	28	5	45	20	34	1	32	26	43	42	12	27	49	28	13	31
7	31	41	29	28	10	8	28	0	42	44	3	6	23	34	11	20	4	46	21	37	24	17	31	36	44
16	10	14	41	17	45	34	48	23	46	8	2	46	1	46	1	7	21	35	18	41	40	16	15	29	40	32	10	28	28	43
40	7	37	10	2	21	10	25	19	19	29	15	20	26	17	29	49	4	49	41	46	16	8	25	8	42	38	39	22	33	33	13	40	21	25	44	44	35	21	14	6	1	31	28	29
7
5	7	21	1	25	29	29	35	23	19	24	46	2	8	11	44	31	36	40	27	23	11	41	30	14	25	8	43	25
22	32	25	45	34	2	25	15	37	0	36	14	46	38	24	7	34
43	24	32	17	35	26
2	1	7	45	26	23	19	9	0	15	45	2	42	12	40	42	48	6	41	38	30	48	22	35	44	46	19	13	33	47	12	35	48	19	33	27	45	2	38	45	19	35	48	13	47	40	8	47
49	37	28	49	9	13	43	7	34	6	40	32	18	28	30	38	11	9	35	13	47	30	35	34	30	48	33	22	6	30	20	7	19	48	7	28	13	0	37	48	9	28	30	27	8	12	17
24	2	32	23	35	19	8	15	18	41	38	26	24	8	34	43	9	43	24	22
11	20	2	41	2	32	49	17	49	18	43	4	3	16	39	22	24	6	42	18	44	21	42	5	7	35	16	0	11	38	45	23	11	48	16	15	30	16	34	31	36	27	37	39
26	14	22	33	8	40	29	31	34	36	38	22	2	40	33	43	36	8	6	34	25	21	16	43	8	49	29	37	37	21	33	13	35	6	48	45	48	30	27	33	16	17	5	21	8	40	16
49	22	28	24	45	46	19	3	45	48	43	32	19	26	48	6	34	48	2	35	28	31	18	47	48	25	20	6	17	36	0	16	10	30	42	7	28	11	11	24	10	4	8	31	32
38	19	7	42	4	37	23	24	36
49	6	30	16	44	30	35	6	13	29	14	41	41	27	17	3	33	28	34	15	38	24
47	18	40	35	41	14	21	15	15	30	45	34	26	27	21	33	42	0	49	36	41	26	3	46	9	33	33	26	22	9	13	19	28	5	6	19	22
36	37	12	33	23	38	11	44	23	5	45	22	41	38	48	47	35	9	30	20	38	4	29	3	26	7	8	32	29	32	14
20	26	49	45	15	12	40	40	17	37	13	11	25	13	8	12
40	32	13	45	14	16	23	21	26	7	0	9	22	18	31	48	17	26	15	31	16	6	48	3
9	31	34	19	43	7	10	28	22	7	42	38	30	15	15	37	18	26	11	36	7	12
33	29	36	0	35	36
8	48	36	43	17	32
29	10	25
4	13	18	19	30	8	37	6	21	25	13	33	30	47	13	18	49	0	7	6	11	7	43	4	26	25	6	6	37	33	44	41	49	15	10	29	25	0	38
25	1	32	8	0	47	28	1	49	37	8	10	44	3	14	21	28	23	29	17	6	25	8	5	40	18	37	17	20	25	14	46	28	48	6	31	45	34	34	46	22	42	7	16	47	23	39
48	18	44	7	44	2	14	36	23	1	4	43	28	20	41	9	18	47	42	15	32	26	13	6	21	20	22	18
14	46	44	32	42	1	28	47	16	15	20	17	21	15	48	43	9	7	11	6	1	28	40	27	41	46	48	14	21	19	10	35	17	4	19	9	8	0	8	24	17	30	43	38	46	41	31
0	44	13	1	24	4
17	0	31	33	23	0	43	10	19	0	30	31	10	32	39	34	49	20	27	39	18	21	20	23	21	16	36	25	42	42	6	9
37	45	18	40	38	29	9	40	11	40	0	43	32	36	42	2	14	31	20	37	3	45	10	21	33	35	13	26	43	24	21	33	19	39	23	10	20	34	2	31	27	3	26	9	41	18
5	1	33	44	6	28	5	27	11	42	40	39
17	10	19	36	2	44	46	22	28	49	6	5	4	32	16	45	3	27	3	6	12	49	13	40	4	42	4	47	35	43	33	2	6	4	38	8	0
32	30	38	40	38	44	25	4	41	30	34	44	36	46	44	1	39	0	46	43	47	31	38	32	33	44	38	23	4	38	10	39	21	0	29	9	44	6
36	36	47	32	25	46	28	28	35	29	24	30	28	5
13	38	17	1	14	23	42	24	12	13	27	44	22	21	0	37	9	37	37	42	14
20	42	20	1	17	2	30	22	22	43	13	41	46	27	15	38	3	27	3	32	21	27	4	24	15	15	13	4	7	27	37	30	19	9
38	11	13	13	33	8	28	25	5	7	42	45	10	19	1	45	43	28	49	17	45	14	30	49	24	7	38	4	28	47	37	19
3	32	44	13	10	21	18	17	13
29	34	19	24	27	47	25	44	45	42	26	44	16	35	33	22	14
11	33	41	16	17	37	30	27	8	0	46	23	16	27	7	37	2	37	35	29	31	30	21	10	26	39	45	9	13	9	42
44	35	41	11	22	23	40	32	24	38	7	42	16	14	30	20	3	15	49	35	47	23	47	23	12	42
28	4	29	5	48	16	46	12	38	22	4	22	46	45	29	38	11	45	18	33	49	35	34	36	34	7	33	10	22	25	45	0	31	26	5	32
3	46	32	25	0	4	23	47	35	12	10	30	32	43	29	18	28	17	2	37	0	12	9	28	9	11	9	37	18	43	29	24	39	13	49	42	19	25	39	4	37	0	35
43	16	39	23	34	44	11	36	8	22	16	20	34	28	7	2	21	39	26	11
28	3	22
44	28	42	44
13	40	32	3	15	18	49	26	6	7	49	23	29	35
37	39
28	18	35	30	48	40	4	1	35	33	45	31	48	8	21	32	13	37	0	12	15	9	22	16	32
1	35
43	9	16	11	47	49	9	37	5	12	24	40	7	6	39	17	27	23	31	16	26	43	34	35	15	0	17	19	2	4	7	45	13	26	8	10	27	17	0
31	24	25	38	30	16	5	10	39	38	28	15	32	12	0	49	13	19	18	17	23	28	14	39	6	22	1	33	41	1	17	22	28	44	12
10	17	20	0	8	49	17	40	11
41	24	39	12	41	15	40	7	4	48	29	7	31	20	9	0	44	37	45
47	7	26	18	9	34	17
26	28	47	19	5	36	31	46	1	23	4	7	21	35	15	4	8	26	7	2	15	4	11	12	11	39	32	21
49	48	1	30	47	20	35	33	4	33	37	27	39	44	49	25	9	5	35	35	12	39	2	16
15
39	47	3	14	49	1	15	29	0	38	16	33	42	49	20	19	39	17	20	16	26	28	3	14	42	42	16	9	45	33	41
33	44	3	32	47	18	13	47	8	29	32	0	28	3	22	19	20	44	37	48	24	40	14	17	35	33	28	30	16	19	18	49	15	21	33	12	42
11	0	25	43	3	6	48	27	27	20	23	17	19	48	7	35	17	44	18	45	24	37	16	43	38	31	14	22	45	8	20	6	9	48	49	14	4	48	41	33	20	16	0	39	14	8	27
4	47	28	29	34	46	24	25	27	40	49	24	49	19	30	10	17	32	24	23	32	17	7	2	33	7	44	0	17	21	33	22	18	14
5	10	29	32
21	31	14	22	2	47	32	22	29	8	45	13	25	4	15	11	12	11	11	31	32	44	5	3	10	8	10	21	39	42	13	11	25	27	33	27	24	18	1	5	26
18	4	1	36	15	15	47	28	47	32	22	2	35	35	13	47	6	4	41	19	15	16	48	1	45	25	19	49	30	47	46	1	3	49	37	18	15	36	46	14	18	21	18	5	6	33	2	14
45	35	3	13	35	6	9	10	27	10	43	25	6	44	28	7	33	49	22	19	47	38	38	18	7	43	26	42	48	42	30	43	29	36	7	17	42	18	27
28	22	47	36	16	27	43	1	26	18	21	26	6	11	46	15	6	23	8	4	17
0	49	24	9	16	19	27	45	41	7	18	38	43	36	15	36	38	44	6	11	20	13	24	16	28	30	41	36	37	11	27	37	10	3	48	28	22	25	25
34	43	3	27	32	19	15	22	15	22	33	35	37	7
15	39	45	4
8	33	15	20	36	15	48	11	40	23	26	24	19	30	3	1	1	21	23	18	45	8	3	32	17	8	49
3	5	35	13	38	2	33	27	18
40	10	7	16	37	26	48	42	29	1	15	4	19	10	14	24	42	31	33	44	39	38	49	26	2	38	31	35	17	1	19	7
28	25	2	6	26	45	35	27	10	41	49	21	5	23
38	8	9	27	47	9	6	1	49	39	38	18	40	7	25	5
2	8	41	28	3	28	8	15	19	9	38	26	32	4	14	43	15	44	40	26	0	43	27	41	31	45	31	41	22	36	26	25	46	20	5	49
13
20	22	5	46	7	11	11	0	29	5	42	5	7	35	33	48	18	30
9	3	19	38	28	16	8	35	17	8	1	34	30	23	42	29	32	3	40	34	34	47	28	40	6	15	25	6	34	5	37	43
8	31	38	24	41	24	44	0	25
32	0	24	11	35	30	3	19	14	2	0	4	8	15	29	14	49	37	3	45	45	12	26	36	38	20	10	34	22	37	15
39	41	16	24	21
46	36	24	46	40	34	11	22	1	13	9	6	8	6	18	36	42	9	6	4	45	28
12	35	33	4	3	9	25	24	5	11	0	3	4	35	17	28	36	30	39	42	40	45	13	28	40	24	37	46	21	17	40	34	2	25	38	5	34	15	32	40	29	32	45	33
12	13	5	44	2	0	34	49	15	15	39	41	2	38	12	19	28	46
5	36	29	39	2	11	31	31	44	27	16	13	39	29	19	34	31	21	20	30	36	35	22
39	10	39	9	40	38	33	47	24	12	36	26	26	18	7	20	45	25	35	36	4	4	22	35	27	43	18	13
42	42	20	4	34	31	46	22	14	43	46	28	29	25	6	49	34	26	46	10	12	33	14	18	5	2	46	0	22	11	31
4	3	18	38	36	14	10	2	7	8	30	38	33	37	38
15	34	30	29	17	46	0	25	48	46	25	20	7	8	34	13	11	4	3	47	18
1	27	24	34	16	9	21	4	29	38	40	9	20	8	6	20
6	16	10	29	25	19	15	41	32	20	44	32	40	10	33	18	36	17	36	45	40	40	27	31	30	38	1	40	46	21	25	3	39	36
16	7	47	7	41	19	4	23	10	16	9	28	2	26	14	49	19	6	26	0	38	15	1	31	11	24	6	16	13	44	48	29	3
39	45	17	45	18	29	11	29	9	13	6	25	14	27	31	41	27	22	6	30	3	19	4	11	36	17	6	36	48	9	36	39	6	6	34	25	35	45	4	45	10	12	20	25	39	4	18	18	28
48	31	45	4	44	31	21	0	20	22	12	6	11	18	12	48	45	48	45	2	45	8	16	17	35	8	23
26	1	29	27
24	31	29	8	5	31	30	27	45	36	40	16	1	38	11	49	36	15	46	44	32	15	29	42	39	32	18	42	11	47	27	37	31	8	47
41	27	15	39	14	5	5	15	46	18	16	32	34	14	28	18	29	7	12	18	39	32	13	2	30	42	41	11	0	39	49	43	18	14	32	34	21
49	17	8	17	1	44	33	29	14	13	36	26	33	27	8	48	31	38	40	25	1	40	14	0	36	32	14	18	17	36	8	18	5	18	38	9	12	23
26	38	27	2	24	6	10	22	38	1	13	13	2	5	29	5	41	13	21	12	32	9	22	3	15	40	43	24	2	16	14	28	5	41	32	29	48	42	3
45	16	3	48	22	34	3	15	47	26	27	32	36	1	35	1	41	30	27	45	46	41	25	3	35	7	34	33	2	38	23	47	4	26	47	28	12	0	44
27	23	43	13	25	30	16	18	10	45
7	36	39	10	21	49	47	6	1	35	31	0	39	7	48
19	0	12	31	29	37	26	44	12	7	10	31	17	5	47	24	44	38	37
37	34	24	40	21	5	41	10	15	39	30	36	41	44	19	21	32	46
44	3	26	27	20	33	24	47	29	15	36	47	2	22	21	45
28	38	5	45	29	36	32	20	30	3	41	14	49	7	11	4	35	38	27	20	15	26	0	30	12	47	34	36	20	31	29	48	19	36	44	0	22	28	21	5	33	14	21	35
32	39	8	21	18	29	38	44	29	20	8	26	4	44	46	38	25	46	9	12	42	10
22	33	43	6	47	15	41	21	47	32	29	20	1	8	10	45	39	30	6	17	37	0	13	25	26	12	36	40	4	46	26	29	29	22	35	27	37
0	36	8	29	9	11	40	19	9	29	2	15	49	41	15	14	18	43	26	4	33	33	1	12	12	32	36
11	23	25	11	11	35	43	22	47	33	44	6	14	46	21	13	39	38	28	7	32	6	11	17	39	14	31	1	49	17	0	10	42	27	24	6	13	17	28	12	0	24	20	16	20	43	32	9
10	18	15	16	30	35	8	46	18	11	45	38	12	6	32	41	30	38	4	47	19	18	49	43	38	17	16	33	49	27	15	11
32	30	26	19	38	22	38	49	18	26	13	26	8	5	8	49	11	7	20	32	6	13	22	25	31	6	25	9	23	36	5	5	18	33	25	6	7	15	6	25	41	21	3	1	28	11	2
18	22	24	26	36	46	2	19	2	29	28	25	17	33	33	36	18	10	42	26	25	0	3	16	24	7	19	2	20	22	44	39	44	18	17	32	15	19	2	17	0
45	18	18	28	4	36	38	48	12	13	1	16	31	25	23	2	29	43	26	24	34	23	42	2	7	7	23	11	27	24	44	24	44
4	0	48	42	0	11	7	1	29	40	28	2	44
47	21	32	34	44	24	38	1	34
15	13	37	9	37	31	23	41	33	21	35	34
44	35	13	36	16	17	30	24	17	3	6	1	49	32	39	3	18	2	18	33	40	27	20	23	0	13	7	23	0	43	8	46	30	23	34
41	17	20	8	20	28	11	20	13	0	23	31	2	41	15	44	20	37	18	22	3	27	45	5	20	5	4	0	29	38	47	22	5	19	32	26	48	43	48	11	45	23	44	47	16	11	42
49	12	10	4	39	5	9	11	13	13	11	44	4	10	18	9	30	0	37	30	45	37	43	40	10	37	39	26	49	33	14	0	47	26	6	36	34
47	47	31	11	41	37	21	11	46	3	13	36	33	8	23	28	0	36
41	14	17	27	29	19	24	7	25	13	41	42	12	38	25	23	31
47	42	11	0	5	49	36	15	22	14	15	8	32	9	23
36	4
10	11	49	23	3	44	36	43	21	9	25	36	8	19	49	11	25	48	47	42	22	13	8
48	19	6	49	5	12	24	15	25	23	41	30	17	27	24	39	38	1	25	47	20	24	10	47	24	7	40	46	22	0	29	20	19	37
24	1	46	39	27	21	32	7	39	9	33	28	48	34	5	47	5	31	7	2	7	16	42
40	44	35	13
24	35	37	28	33	29	7	4	11	14	45	23	0	25
34	30	20	41	13	29	44	20	47	38	26	37	33	13	0	46	37	37	36	17	22	15	24	29
41	24	1	41	0	24	25	32	46	17	46	27	13	18	26	3	44	14	36	7	16	35	47	6	21	14	28	38	41
18	32	34	22	23	34	48	0
47	19	14	24	32	33	1	36	29	17	24	39	35	11	38	43	32	4	22
45	31	43	27	17	15	0	3	15	3	22	12	22	36	37	5	21	40	43	3	9	19	42
31	30	40	15	34	14	40	30	47	33	9	15	0	12	18	15	15	40	28	37	29	17	44	2	9	39	7	20	9	49	16	40	31	8	5	18	22	45	0	22	30	9	37	30	21	7	46
0	26	26	31	43	20	35	2	10	43	22	19	42	40	11	26	49	16	44	21	14	44	45	44	3	32	25	27	42	23	13	42	49	39	25	44	12
46	24	3	20	45	48	10	6	24	11	24
33	38	14	30	35	19	13	12	46	7	35	10	1	36	1	26	30	15	38	28	39
48	34	42	10	40	18	22	17	38	7	5	4	37	40	23	2	2	20	9	39	30	10	25	33	38	7	49	27	35	40	21	35	25	13	48	17	33	22	34	21	29	42	27
32	0	23	37	20	34	28	2	47	4	38	35	13	37	14	49	29	35	36
0	34	24	33	8
6	39	2	33	8	37	36	33	24
17	2	9	14	8	49	2
36	16	23	17	2	11	22	4	46	48	40	6	8	48	46	11	34	6	48	20	39	24	26
26	37	23	37	36	25	9	24	43
42	47	45	16	2	43	16	42	0	24	40	46	35	26	4	35	46	43	9	25	1	36	14	26	25	3	3	34	29	47	20	23	44	15	41
9	7	40	11	32	33	9	19	9	13	5	8	6	14	33	9	2	49	38	27	2	41	13	32	40	33	5	37	1	49	35	12	6	28	23	38	13	32	10	24	47	15	32	5	31	17	14	34	17
13	19	48	27	3
10	11	27	13	10	13	25	16	43	0	7	6	32	19	30	29	34	15	34	17	32	1	1	49	5	15	21	3	44	26	44	6	37	21	20	49	36	45	16
46	25	37	30	44	18	12	30	33	48	47	17	1	1	19	9	18	42	12	12	18	8	18	8	32	40	7	18	38	25
36	0	35	16	46	5	30	28	40	31	28	10	32	29	29	41	49	21	6	13	39	14	31	47	46	24	5	17	12	32	15	48	35	2	16	31	10	47	12	2	28	40	12	12	21	41	4	20	14
33	4	26	16	3	25	40	10	42	4	43
2	28	11	19	11	23	18	23	26	48
38	10	36	32	14	8	46	26	43	2	5	12	6	30	4	16
9	11	31	13	41	44	32	3	20	2	28	46	0	44	36	11	32	18	27	41	17	6	36
11	0	25	43	5	44	15	16	7	48	29	49	44	14	2	14	16	30	10	19
49	32	9	19	11	2	36	17	38	6	30	39	33	25	46	29	40	14	39	40	43	38	35	9	42	49	26
12	45	1	11	27	10	30	40	12	19	8	2	27	40	43	10	16	39	42	8	3	33	49	49	21
8	15	35	36	39	49	33	40	10	12	2	43	3	16	12	11	19	39	3	12	1	21	4	45	30	9	28	31	10	1	17	19	16	4	5	6	4
48	16	3	3	9	6	19	23	17	38	14	23	3	16	44	7	13	26	18	42	7	29	43	26	48	12	33	5	20	37	46	20	3	0	23	15	6	43	38	26	33	5
38	21
45	34	24	16	28	33	45	24	10	45	36	43	0	8	32	49	28	37	1	2	4	9	47	45	37	32	0	38	21	23	36	18	7	12	34	38	45	29	14	7	24	0	2	27	10	34	28	38
31	40	28	40	39	23	30	22	23	20	45	46	6	13	6	20	48	46	16	27	10	23	4	12	26
22	12	11	12	36	44	5	17	34	44	42	16	18	18	37	13	16	43	27	24	16	25	20	32	4	32	7	10	44	35	43	18	48	6
36	0	36	5	37	32	48	3	1	16	40	14	32	36	43	7	2	20	29	36	27	12	43	37	8	29	33	29	29	41	10	17
48	23	33	30	23	38	33	41	31	0	23	17	43	32	21	16	14	9	43	26	2	32	36	33	17	15	14	9	25	34	5	25	9	40	8	32	28	41	23	9	41	48	28	37	33
3	47
46	25	15	30	11	0	48	27	15	9	4
16	30
6	38	42	34	31	17	44	23	17	24	10
26	15	49
13	24	3	43	38	4	41	17	21	2	21	22	18	3	32	24	43	26	11	27	45	5	0	12	31	12	15	7	27	16	46	42	43	49	35	31	5
0	26	31	21	48	0	27	30	26	22	8	37	49	3	44	1	16	26	13	33	35	42	1	33	34	44	35	22	27	40
27	17
1	17	34	28	0	11	2	8	48	2	12	43	3	30	19	19	15	6	13	16	40	0	11	25	22	38	15	25	16	34	7	17	2
47	2	5	49	10	3	3	24	46	9	4	17	28	21	24	43	38	16	45	49	41	19	39	8	44	7	43	4	26	47	46	25	1	3	25	13	6	30	38	5	39	44	22
16	48	15	4	16	10	5	7	30	46	18	26	4	13	30	32	10	28	8	13
35	26	38	15	14	43	7	9	17	26	27	18	41	31	34	4	38	44	34	34	14	10	38	27	43	21	39	21	31	2	3	16
41	31	45	36	40	6	5	17	33	25	10	14	12	14	2	8	0	38	22	13	29	1	6	0	40	27	33	44	30
24	23	32	19	11	23	25	17	42	8	42	2	24	4	19	28	12	19	17	36	34	46	37	40	48	29	20	31	23	2	32	48	26	14	19	39	39	47	6	31	5	1	36	32	7	5	12	20	26	29
11	27	46	3	27	25	23
49	26	42	49	4	9	20	43	0	17	2
25	3	18	7	10	23	19	32	49	1	41	12	30	37	16	8	12	41	20	13	17	13	14	23	24	35	19	24	4	21	8	29	26
38	38	1	10	23	3	13	14	15	43	1	33	3	15	25	24	31	44	39	45	20	15	32	39	41	39	12
20
26	9	28	30	21	1	33	36	15	0	31	18	34	37	36	11	13	17	5	2	14	25	19	49	16	10	38	28	10	8	18	39	19	47	19	42	0	4	28
4	12	38	40	49	26	1	12	43	9	14	10	36	35	9	3	45	49	33
7	2	47	29	1	18	21	3	22
21	28	14
19	13	38	22	25	34	33	41	44	20	26	5	25
6	8	31	13	10	28	44	13	46	16	17	20	18	38	49	32	2	20	47	41	44	22	25	28
21	48	41	28	23	14	34	33	46	47	44	26	44	7
10	26	45	30	17	46	14	19	16	11	10	11	33	35	39	48	8	39	39	36	14	3	20	47	1	20
28	14	3	5	24	29	0	6	46	47	20	18	15	31	28	26	14	16	17	12	24	8	3	13	24	8	33	24	10	3	17	40	17	22	45	43	2	47	49	0	46	21	18	12
49	40	18
10	32	43	20	35	6	45	46	40	21	6	45	38	48	13	13	45	8
44	10	17	41	31	38	5	36	39	47	4	6	9	39	49	30	24	6
20	48	48	28	43	38	28	8	1	25	19	18	20	29	38	13	12	28	20	0	17	19	7	25	29	46	26	11
34	38	45	32	38	25	26	28	4	36	30	31	5	0	3	34	38	18	49	18	38	1	37
8	12	39	4	41	0	27	25	40	22	8
47	36	8	3	22	38	35	28	41	40	14	31	9	13	0	49	15	37	9	25	2	0	30	43	0	9	18	42	33	28	24
14	33	36	37	23	23	15	14	13	31	46	22	47	48	24	14	37	33	39	39	34	19	34	36	30	5	31	13	33	5	46
38
37	12	7	4	28	22	35	26	47	32	26	21	46	14	4	38	5	40	9	42	27	40	47	8	3	32	15	1	32	4	35	21	18
25	48	15	13	27	12	47	3	35	46	17	39	34	25	32	43	17	9	35	16	19	41	48	36	42	31	40	28	4	10	22	30	11	39	45	38	1	44	41	36	40	11	28
38	10	22	5	21	7	23	42	48	21	28	43	4	21	21	9	31	45	41	44	35	38	32	36	32	26	25
37	5	3	27	17	25	32	38	35	5	30	35	28	8	28	35	31	1	46	15	47	37	9	32	27	42
9	20	47	36	9	4	40	36	21	17	20	9	4	27	41	40	5	2	20	42	33
38	48	21	25	10	5	2	2	27	14	24	27	2	33	31	42	19	3	12	39	14	16	16	8	6
10	29	16	45	3	4	46	26	32	6	33	36	10	12	2	34	39	5	19	23	49	38	28	11
44	28	47	2	36	20	14	15	38	12	20	43	8	48	27	16	31	13	26	46	18	12	37	23	31	10	22	21	38	34
35
47	37	0	19	4	18	8	16	38	3	26	39	32	42	20
20	18	15	34	6	38	17	16	11	38	7	47	40	42	11	39	31	11	8	35	31	18	3	22	21	29	11	3	23	33	1	45	2	16	29	8	7	46	24	20	36	33	17	28	27	28
9	41	26	46	23	46	0	47	18	31	8	23	5	41	26	0	43	45
1	2	30	28	22	17	13	39	45	41	19	13	0	12	41	48	37	37	48	34	7	32	42	33	37	36	9	39	29	4	21	33	6
13	30	21
19	16	19	40	31	21	5	24	20	42	14	20	27	21	2	21	6	41	7	16	31	39	22	4	24	31	8
11	29	15	33	48	35	25	31	6	30	6	28	23	22	49	2	45	1	25	2	43	35	20	26	24	42	30	0	23	41	37	37	22	4	20	20	41	45
48	26	12	28	1
27	3	29	29	30	33	24	15	3	0	39	46	32	39	21	25	28	8	48	35	30	20	26	28	24	26	4	38	5	7	22	32	10	4	13
39	37	8	43	39	49	41	22	39	12	47	19	23	47	4	3	18	33	31	44	9	37	33	16	44	7	49	6	13	14	49	3	2	7	46	41	6	37	15	47	1	15	19
12	25	30	32	8	13	27	20	3	10	36	47	19	37	6	33	2	7	36	6	16	34	49	24	23
24	26	32	43	1	46	18	33	29	29	48	8	49	1	20	37
39	27
24	29	14	12	37	32	48	36
21	3	30	48	35	25	1
46	36	15	25	34	23	26	36	45	15	37	36	42	46	11	23	12	25	10	44	24	47	2	45	0	33	45	38	8	46	24	6	34	39	31
14	9	7	11	25	44	47	19	42	10	43	4	36	3	48	10	2	2	7	5
3	45	46	1	19	2	36	10	36	7	26	45	14	37	22	10	34	42	2	47	35	6	33	40	6	45	43	8	2	48	46	7	43	44	9	14
47	24	34	4	0	32	20	37	4	30	23	48	34	20	35	42	5	26	48	0	19	8	5	19	6	12	12	0	23	28	49	22	2	35	28	2	17	48	41	24	30	16	24	14	39	10	6	46	36
49	7	15	4	26	23	18
24	44	18	25	16	22	10	45	26	28	45	17	4	26	35	28	42	26	38	49	23	26	7	22	33	24	28	11	48	46	3	22	40	23	47	9	45	7	6	21	37
40	43
28	22	24	4	12	23	27	39	32	1	24	7	29	38	5	28	41	29	20	17	26	29	12	35	37	36	23	39	26	18
6	40	44	11	5	19	40	44	2	42	20	11	23	8	16	1	2	45	24	19	23
33	8	43	19
34	48	2	4	4	44	1	17	49	22	8	45	26	2	16	37	27	26	3	31	28	0	5	49	23	10	33	34	3	2	17	37	2	21
7	16	45	24	15	17	34	11	44	38	29	33	16	5	37	47	34	39	2	35	13	12	18	47	18	23	16	5	25	38	49	32	4	46	9	21	14	45	32	10	34	13	43	0	19
49	5	24	1	40	37	15	9	36	33	34	2	41	9	40	42	44	46	39	3	18	5	48	2	17	34	16	12	34	37	45	33	42
36	32	8	4	43	46	39	29	48	30	39	41	23	33	39	12	38	9	19	38	12	36
30	48	9	17	45	43	11	16	31	45	24	35	41	20	25	20	21	7	9	14	32	44	3	44
13	13	21	25	49	46	7	0	5	26	45	0	39	12	34	34	38	19	25	9	46	48	32	6	7	46	38	4	49	33	36	12	48
39	0	7	48	0	13	26	47	15	15
49	0	48	21	27	9	17	25	41	23
39	14	41	38	47	29	3	47	41	44	49	48	43	1	13	19	49	29	35	8	30	37	8	1	16	17	21	42	8	46	29	47	10	20	38	9
41	9
35	10	41	30	12	6	0	13	37	37	23	18	26	32	21	42	49	44	36	10	43	17	9	5	39	47	17	41	40	26	33	28	36	24	8	0	33	10	15	20	49	39	38
21	12	18	22	6	6	32	49	24	42	5	13	41	22	4	34	0	38	14	38	14	22	41	47	35	6
36	45	8	12	18	20	32	41	29	38	25	30	12	19	37	28	13	11	32
11	22	11	2	39	35	43	38	22	1	8	9	49	19	21	17	39	5	10	20	45	36	1	10	7	38	38	20	0	22	17	13	47	30	15	36	18	10	26	40	14	35	49	13	4	22	32	45
43	16	25	31	17	35	38	7	25	11	7	47	30	23	44	11	40	32	29	1	9	19	15	44	21	30	0	43	12	45
7	13	0	40	30	35	31	40	10	42	49	9	22	22	4	33	13	38	14	16	47	36	33	43
13	43	2	27	41	27	35	4
25	35	14	8	27	24	0	26	36	25	49	42	10	14	30	25	30	28	11	13	23	20	28	17	22	5	8	2
12	29	18	49	44	28	26	20	29	5	6	4	4	0	14	20	31	41	0	11	4	15	34	24	43	1	49	48	11	1	41	26	30	11	27	26	41	6	49	20	11	7	26
8	43	37	39	36	39	0	41	4	34	15	49	38	14	49	1	17	42
48	5	7	26	47	13	25	19	26	33	46	43	41	41	32	30	27	21	32	18	25	18	36	24	6	2	25	10
18	37	20	23	46	46	20	9	22	40	37	7	38	30	48	29	12	30	8	35	12
10	32	17	36	39	19	12	49	41	32	38	11	5	37	10	26	48	34	18	36	41	6	16	41	37	31	23	47	16	37
29	19	45	17	8	17	31	9	10	13	0	24	19	37	34	47	35	20	17	23	13	23	40	4	12	23	29	11	41
40	20	35	37	38	46	6	19	7	17	35	7	41	4	46	27	3
47	20	7	12	45	49	18	9	24	47	20	16	13	12	36	48	2	26	46	8	48	4	25	35	13	18	41	12	45	44	48	44	16	7	6
9	24	22	33	21	44	49	36	7	38	37	9
33	19	16	37	45	1	3	13	42	15	11	38	13	5	4	20	14
29	38	39	15	12	34	14	48	43	4	37	4	23	21	23	39	10	20
13	36	35	28	47	24	43	2	28	16	16	46	47	7	37	12	19	23	27	19	16	33	7	22	6	30	48	46	40	18	39	4	4	26	34	3	0	30	6	29	46	24
43	33	16	6	4	40	35	24	8	20	33	31	27	13	31	25	5	49	16	11	6	42	46	11	43	28	17	24
44	3	19	27	19	27	32	9	14	8	20	35	43	1	14	8	32	39	13	33	7	25	41	1	23
44	1	22	20
18	25	48	46	45	26	30	6	40	40	26	25	35	29	39	43	13	30	6	47	39	33	40	41	6	43	37	9
8	36	36	35	35	34	32	13	14	39	3	6	17	31	41	49	22
12	5	43	11	44	26	2	35	35	47	23	44	15	33	33	2	18	20	36	3	33	3	44	38	9	11	21	3	12	44	39	25	1	32	38
11	42	33	46	40	8	42	5	43	25	9	13	47	46	16	30	49	10	21	10	24	42	15	36	38	5	13	39	39	4	37	2	46	22	48	36	30	43	44	25	18	3	38	16	1	5
0	17	21	13	41	14	28	30	4	35	45	46	27	49	33	29	46	5	30	32	37	23	28	12	43	32	0	11	33	7	10	36	27	31	1	20	47	31	0	4	17	46	0	44	45	35	23	41	40
26	29	28	6
22	38	43	33	24	3	45	12	32	27	13	2	26	44	3	30	13	1	30	7	46	15	33	40	7	38	18	38	17	24	31	41	15	27	24	41	30	20	5	12	49	18
27	14	19	10	30	20	40	39	19	8	22	11	17	13	29	6	32
37	23	20	14	49	13
21	18	10	22	38	27	0	3	48	10	35	21	2	24	40	12	47	1	30	12	32	38	44	37	27	19	10	44	18	23	40	40	42	3	12	30	30	14	35	30	26	20	1	29	45	41	43
44	23	8	26	13	2	16	41	21	26	35	41	1	27	31	43	30	46	26	12	12	11	43	39	34	44	20	31	38	13	25	32	39	33	11	2	37	29	45	10	5	30	1	6	10
2	40	33	28	3	45	41	48	36	25	42	6	8	30	22	33	15	11	18	26	15	7	5	11	19	12	43	21	20	3	8	22	44	43	2	49
44	47	27	21	39	35	30	22	7	15	37	18	36	15	34	45	22	47	15	34	40	36	4	44	46	29	40	39	31	39	29	27	38	6	1	29	42	33	1
0	40
36	5	6	34	29	3	49	13	43	35	20	39	33	1	29	24	34	20	3	14	10
15	40	6	0	43	7	0	34	29	39	41	35	23
38	22	36	34	9	8	23	44	9	5	18	46	27	21	10	38	35	27	28	41	27	23	1	29
30	18	1	16	43	26	6	17	12	40
23	16	22	34	23	40	30	0	14	40	38	1	17	18	43	46	42	44	26	1	24	46	4	42	42	30	49	9	45
38	20	7	12	4	30	5	37	33	21	29	21	22	49	42	17	45	34	11	23	37	38	20	44	30	14	24	31	23	21	23	13	43	30	28	48	13	33	37	46	6	16
28	17	11	46	15	47	9	38	35	49	10	29	32	24	5	13	0	29	38	13
21	41	22	34	26	9	32	32	28	1	13	45	15	11	12	12	20	1	49	22	13	30	6
36	19	38	17	10	3	41	31	47	14	17	25	25	1	10	3	4	23	1	19	34	13	34	6	16	33	28	30	14	34	20	2	6	10	19	18	13	10	49
26	18	38	2	19	48	7	23	21	10	43	7	26
13	42	12	44	24	26	30	44	28	38	4	49	6	20	12	5	34	40	23	22	42	44	22	2	18	45	14	13
40	42	18
4	14	9	31	44	6	11	33	12	13	39	32	27	47	19	17	22	43	12	17	16	14	37	11	28	0	16	21	42	36	6	46	0	15	29	46
43	29	34	6	21	18	33	20	39	2	44	33	14	13	49	30	0	12	11	0	30	32
16	38	41	18	5	22	15	29	15	46	15	23	19	35	8	39	25	11	36	8	27	49	9	10	0	21	21	2	2	5	47	20	45	40	39	0	12	6	31	30	2	46	5	22	34
13	9	27	49	19	6	49	28	16	1	1	37	3	5	44
26
40	17	42	5	23	23	37	27	22	42	49	8	8	15	17	35	14	38	44	15	16	10	16	17	0	20	25	44	20	1	36	13	20	30	18	43	5	7	22	27
22	35	8	39	4	45	3	44	39	19	10	2	35	30	4	7	5	0	30	8	36	43	28	16	13	23	22	20	45	1	19	19	39	29	8	45	25	14	40	16	35	2	20	22	34	24	30	41	25	10
13	5	29	30	18	2	4	40	0	7	11	21	46	41	30	44	18	46	34	36	31	38	7	3	23	31	33	14	6	45	14	20	0	45	2	18	0	8	10	0	15	22	23	14	15	5	8	35	1	44
32	32	30	36	5	12	21	22	20	17	36	42	17	33	46	38	33	4	48	35	22	22
36	37	14	46	22	16	40	46	0	24
36	32	40	8	4	11	27	42	5	44	25	2	32	9	8	33	44	30	5	5	18	45	20	14	19	38	6
38	31	44	27	13	34	37	19	47	14	11	3	10	36	7	45
15	28	44	48	33	49	16	30	21	33	0	11	39	17	0	22	11	29	37	46	16	6	45	32	19	48	44	6	5	39	5	23	17	49	21	3	1	39	33	22	22	33	34	14	1	36	38	14
26	12	35	34	8	17	4	8	11	12	16	1	17	39	20	19	12	23
1	9	44	26	42	30	42	45	18	30	12	35	6	24	20	43	34	39	47	43	3
9	4	28	0	26	47	12	0	19	15
14	43	3	46	35	1	15	18	13	0
39	21	19	24	12	16	19	15	27	30	21	6	30	48	5	44	0	25	11	11	41	5	16	37	42
4	10	32	5	37	24	28	6	0	40	25	19	8	2	49	29	10	29
18	25	29	45	36	40	36	43	7	25	36	24	32	48	9	39	35	33	17	44	33	9	19	4	19	23	3	49
34	28	6	11	8	1	47	48	39	41	5	16	29	32	48	27	43	37	13	28	6	9	13	18	28	17	37	3	22	36	41	8	15	47	19	23	48
23	39	9	31	6	38	13	4	16	6	44	31	36	0	40	49	18
16	8	25	40	44	17	48	11	14	17	36	15	35	10	4	45	41	10	33	6	17
14	11
0	13	24	49	32	46	17	40	22	7	36	41	5	48	7	22	34	22	9	46	27	4	37	39	40	45	8	41	9	19	26	9	33
8
47	25	9	21	32	47	12	39	45	19	13	32	44	23	30	23	29	20
19	15	23	11	25	42	39	34	27	39	45	46	38	22	5
7	3	25	46	0	47	12	34	41	35	15	14
35	28	36	0	1	49	25	46	38	12	25	27	7	22	18
29	31	38	32	7	37	35	4	49	19	45	34	36	11	0	21	41	36	24	45	35	49	43	25	13	18	5	22	42	23	4	22
42	6	13	29	41
28	13	14	14	49	27	17	23	19	3	47	16	41	48	9	18	12	29
34	22	46	40	44	3	33	0	18	14	44	36	45	7	2	11	6	30	28	31	1	34	28	17
27	28	45	41	7	19	27	31	17	18	25	22	3	28	41	19	22	27	14	31	31	26	39	11	4	21	12	40
31	17	28	9	13	19	19	32	49	0	1	17	28	24	22	6	15	41	30	44	6	11	25	34	0	37	38	23	1	29	23	33	48	3	44	11	23	13	45	24	16	47	41	44	21	13	2	38	4	32
12	45	9	46	47	48	37	21	0	18	44	35	16	49	31	30	24	45	25	48	13	22	41	7	45	6	9	35	11	43	17	25	38
24	35	27	11	8	29	31	2	16	49	2	48	29	28	45	7	27	8	31	18	17	27	25	26	12	38	21	32	13	9
39	46	40	0	5	22	33	9	38	33	13	36	14	42
21	19	41	3	39	8	32	14	36	46	2	7	30	18	18	43	7	17	34	10	22	8	43	33	46	28	47	35	45	41	18	16	10	12
49	22	3	16	9	2	18	18	32	38	37	26	46	6	12	8	28	20	3	11	18	32
3	29	1	24	45	13	36	17	15	8	22
19	26	1	38	9	40	27	37	38	33	1	48	13	23	1	26	41	35	39	47	14	40	21	12	6	9	31	23	19	3	4	39
7	29	41	49	8	30	39	43	31	37	6	6	39	34	47	26	23	44	41	16	17	3	22	26	34	47	46	39	1	35	21	10	16
10	24	46	49	17	29	37	25	35	28	9	33	4	33	29
1	47	0	25	25	36	22	21	26	23	8	49	35	24	14	45	0	12	47	17	42	36	42	27	14	4	12	20	37	42	18	40	41	18	15	16	7	37	40	33	12	48	34	47	25	0	45	25
42	45	5	28	37	34	44	41	47	14	30	41	32	20
3	37	0	10	24	40	45	38	39	29	36	16	30	33	43	43	25	38	0	5	28	34	1	21	33	15	2	24	0	24	8	5	14
15	38	1	12	27	42	41	15	8	23
2	18	25	40	20	32	20	7	33	42	40	0	46	17	0	22	27	5	36	38	22	25	40	34	4	32	28	21	43	3	19	45	24	46	37	44	28	8	1	11	2	44	11	48	13	14	20	40	21
31	44	34	21	30	38	5	10
0	16	30	47	40	26	35	36	4	45
17	47	34	28	45	47	44	15	39	16	24	20	12	8	43	44	48	1	5	9	1	23	39	49	13	15	36	1	21	31	39	38	30	25	19	25	22	15	42
31	19	34	43	27	28	38	28	29	45	37	32	20	27	31
44	17	34	16	48	26	6	30	1	27	7	26	43	2	40	26	21	26	22	0	4	12	28	35	7	16	18	27	43	1	12	39	19	48
19	26	14	0	30	43
8	38	9	48	15	32	26	37
33	49	11	20	8	27	38	37	22	42	1	12	11	1	19	32	28	35	32	10	29	42	18	19	3	18	34	36	44	23	21	27	24	32
34	12	38	23	36	30	26	48	43	28	20	26	8	5	10	20	36	2	38	6	8	8	42	44	4	18	15	34	42	49	32	29	13	22	4	0	5	31	0	0	11	20	28	19	26	39	41	14	43
22	1	39	15	47	43	33	14	27	27	16	11	8	29	36	13	29	43	44	30	43	5	2	22	26	28	13	19	45	6	0	17
39	32	7	34	17	22	14	47	38	27	5
13	18	49	8	14	31	2	21	33	26	47	14	39	18	9	47	18	26	7	7
15	44	30	39	8	27	29	35	35	48	1	5
9	20	30	13	41	16	41	41	32	32	9	41	30	28	19	37	37	32	4	31	15	43	41	42	24	29	29	23	32	35	22	41	5	5	7	48	23	48	39	5	33	1	48	13	31	17	0	18	2	7
17	0	45
25	24	41	0	8	28	24	2	33	31	9	33
9	25	9	42	26
5	7	27	8	27	31	15	31
17
11	44	3	4	46	12	32	21	14	17	2	25	1	7	36	28	18	29	4	28	36	13	7	46	40	38	13	24
33	3	1	27	6	8	24	20	40	47	36	10	49	11	13	8	48	41	29	29	47	7	17	10	16	16	2	6	29	26	44	12	31	47	42	38	5	18	10
17	47	10	18	8	23	29	8	16	8	39	13	17	7	25	33	25	29	39	4	8	35	19	39	34	13	27	42	33	40	40	0	37	2	18	47	27	49	6	43	7	47	8	26	4	35	9	31	14
36
37	7	12	22	22	41	14	5	31	6	7	20	8	27	18	35	27	24	30	36	21	38	13
25	24	11	39	25	49	14	14	6	28	36	30	19	2	37	3	8	44	23	18	24	43	5	1	19	35	39	43	25
23	0	27
42	4	34	6	18	40	34	7	23	5	11	10	10	22	5	36	40	31	29	46	34	49	33	23	42	11	28	15	11	5	49	3	11	33	11
26	45	40	49	3	2	9	13	24	16	49	16	47	31	14	33	30	48	7	24	9	35	39	22	42	40	28	5	26	39	36	4
27	3	42	31	14	5	7	33	7	23	32	38	38	16	20	38	25	46	49	12	37	23	4	27	1	9	5	43	47	9	32	26	14	24	7	31	29	14
38	40	0	28	30	16	0	20	43	46	19	5	33	42	11	13	46
20	41	20	30	23	48	46	47	8	27	28	22	45	19	14	46	47	44	14	48	14	8	46
15	32	30	29	47	26	1	17	17	23	49	42	22	46	39	30	25	19	4	21	38	21	17	38	17	31	36	34	41	34	19	9	16	1	38	13
39	33	48	15	32	40	37	28	31	19	6	1	25	27	41	48	46	29	16	29	17	0	21	2	19	32	20	21	20	36
11
1	26	3	41	15	32	23	36	40	26	12	17	17	10	13	47	28	44	14	28
18	0	49	39	23	19	25	25	31	46	26	9	49	18	25	33	43	11
19	25	42	36	38	7	33	16	2	0	45	19	18	45	19	7	20	40	34	45	23	32	22	33
40	8	17	33	21	41	4	47	35	40	35	43	26	3	45	26	0	16	46	45	37	6	17	28	42	13	1	25	35	36	9	27	46
10	18	19	16	17	5	6	2	0	34	7	47	12	8	13	9	5	1	17	23	29	9	36	32	34	21	21
48	17	24	10	35	43	26	4	0	34	6	2	21	16	49	33	24	13	44	29	14	11	4	45	21	40	29	7	13	0	3	13	20	27	23	7	22	1	12	25	38	20	27	9	36	27
10	40	39	42	6	0	46	3	21	39	32	31	2	35	34	16	5	13	41	14	35	45	26	12	33	47	40	44	33	17	38	46	9	27	40	17	28	36	20	1	27	2	32
39	18	46	46	31	37	11	19	32	37	31	17	34	21	13	20	40	2	18	1	31	8	18	9	46	40	11	26	45	45	6
14	2	31	47	41	42	16	26	29	48	45	16	21	9	38	14	13	8	17	44	18	38	4	16	28	17	42	23	14	48	8	28	2	39	26
33	42	22	14	42	17	30	16	28	20	32	41	28	49	36	46	37	42	13	16	9	5	39	25	4	49	4	8	40	32	2	23	26	26	38	21	44	20	37	22	43	21	16	21	20
20	10	44
28	5	40	19	30	46	19	36	5	9	18	9	35	45	36	25	16	30	45	5	4	38	26	20	12	48	24	32	8	20	17	38	25	7
8	4	29	44	9	38	15	18	25
6	0	28	38	48	35	43	38	13	15	0	11	42
22	12	1	10	40	9	20	48	13	49	44	24	40	9	44	15	21	1	16	1	39	16	38	34	4	1	2	7	13	44	41	37	6	43	49
2	20	46	17	19	43	43	9	2	37	27	26	40	45	29	32	11	18	18	17	19	20	24	34	16	16	21	23	9	21	21	13	43	20	30	12	13	25	24	17	14	1	45	5	46	25	39	9	45
26	14	30	1	1	46	19	24
28	45	45	43	40	17	25	5	32	0	29	49	14	32	47	21	30	24	10	39	19	20
35	2	18	36	0	37	11	22	17	8	19	10	1	36	35	6	18	37
19	2	19	18	23	1	42	36	42	11	8	9	49	12	30	35	12	19	48	34	37	9	5	49	10	41	37	16	11	24	3	33	26	24	1	2	25	44
17	7	0	28	6	12	8	44	24	30	42	11	19	3	16	18	13	10	7	29	23	34	34	6	12	8	10	14	35	6	6	4	15	6	33	22	18	43	18	43	25
4	44	16	22	15	29	32	22	11	6	6	45	14
6	26	35	43	32	44	48	0	0	33	24	21	28	42	16	4	4	22	0	20
15	2	29	40	15	35	48	12	1	19	18	28	7	12	12	1	12	12	1	45	36	22	25	30	38	29	37	10	32	9	7	47	11	36	37	26	23	38	39	24	7	9	4	14	23
15	35	33	19	32	22	41	8	2	32	39	39	44	21	49	1	21	12	39	10
12	48	32	37	6	41	43	22	15	14	38	2	48	7	35	20	0	45	24	34	36	16	29	10	17	32	31	29	22	41	22	34	42	4	23	0	46	19	22	13	33	12
33	21	2	5	22	49	30	8	38	48	39	48	15	24	31	46	46	24
32	16	25	8	16	23	29	41	36	12	3	4	48	25	8	3	49	10	33	7
33	49	48	48	23	31	47	21	5	18	3	24	43	13	40	17	42	31	3	7	37	9	5	12	20	8	13	32	44	22	30	27	21	30	28	44	11	25	15	16	43	21	40	38	36	33	5	29	16
38	3	22	43	17	42	3	30	24	47	3	6
24	38	5	21	49	32	38	18	25	9	10	13	46	43	21	27	12	32	15	15	4	10	35	49	13	15	25	13
32	40	45	20	45	18	22	29	6	40	4	18	0	19	16	46	42	43	8	24	10
31	22	10	30	35	26	5	0	46	39	40	43	12	37	11	34	16	20	24	22	40	26	44	6	22	36
30	13
6	44	35	16	26	20	44	33	23	43	25	13	36	37
0	23	19	22
44	12	25	38	18	48	24	21	30	37	34	38	33	19	7	9	41	1	45	14	46	20	30	33	7	33	35	30	2	7	29	46	19	4	36	39	4	11	10	37	0	44	25	34	15	34	45	6
40	21	34	10	1	19	19	36	4	1	40	13	32	37	32	39	25	23	43	36	33	32	39	29	10	23	44	44	20	1	32	11	24	19	23	27	38	45	13
46	3	6	29	42	41	20	18	14	15	6	0	48	45	29	8	20	26	4	41	29	37	4	3	8	29	32	46	24	47	39	23	2	48	2	45	41	24	15	5	39	23	7	37
39	47	43	15	2	36	46	41	40	49	49	20	33	45	46	30	37	19	32	37	23	29
47	46	35	37	22	43	26	43	32	24	36	49	28	25	45	21	15	46	22	37	29	19	34	11	6	5	45	45	29
23	26	23	9	15	45	4	42	40	36	18	29	37	46	4	34	19	19	30	41	9	11	10	45	24	19	0	19
31	46	40	8	22	49	23	17	3	17	8	41	35	37	30
43	14	2	12	44	45	23	7	6	20	31	27	21	0	41	2	49	31	12	21	32	38	40	37	5	0	30	43	39	10	26	32	26	31
22	28	20	29	36	41	10	13	14	13	7	18	14	40	33	35	23	21	27	12	28	28	43	21	19	5	0	2	32	33	49	6	11	21	36	0	14	48	13	30	11	22	1	25	13	34	12	38
40	0	35	20	45	9	39	3
41	37	44	42	43	7	16	29	7	32	28	23
41	47	14	19	10	0	31	0	7	21	1	44	41	48
33	3	14	24
10	19	36	18	35	15	27	17	45	2	32	39	0	48	8	12	48	39	13	7	13	16	2	6	14	5	39	20	22	16	10	32	35	46	2	22	14	30	41	11	34
0	34	24	10	47	25	2	10	32	17	28	34	25	42	42	15	12	14	33	25	46	20	23	49	44	37	31
1	15	11	3	2	38	14	1	13	18	13	47	35	41	34	10	35	26	27	48	42	10	25	40	32	48	41	26	38	24	14	41	42	27	44	44
10	45	30	28	10	30	13	1	14	26	36	42	3	36	36	16
26	48	14	20	27	2	44	41	45	36	18	39	30	36
27
30	39	48	46	40	14	22	29	8	25	17	44	41	31	23	42	45	43	19
37	10	44	26	30	35	8	18	37	36	37	18	27	37	14	20	2	38	49	10	13	18	7	7	49	30	49	46	23	18	47	12	30	41	38	10	27	47	29	16	35	18	34	14	5	0	34	9	38	33
4	4	29	11	5	11	12	2	36	30	49	48	12	43	39	22	22	38	3	38	25	21	25
29	25	24	38	16	9	12	20	13	41	33	19	4	45	23	40	25	24	39	39	19	30	11	41	20	17	32	45	40	7	36	19	32	12	10	48	22	24	20	37
3	8	22	48	33	13	25	10	4	14	29	36	28	21	6	45	3	1	37
39	9	44	2	21	45	26	45	15	15	13	21	24
19	9	1	47	19	5	11	49	41	41	22	49	36	27	2	26	39	41	35	35	43	6	30	21	3	48	37	19	19	13	7	40	22	8	37	44	15
43	6
17	5	31	44	7	7	33	0	44	20	46	2	1	17	5	1	4	24	22	17	31	12	42	41	2	36	6	3	29	14	45	48	21	28	42	30	37	27	31	31	47	27	33
44
1	49	15	25	18	47	38	10	38	40	46	47	45	27	11	42	25	33	21	19	13	8	48	46	40	48	23	25	48	20	14	2	21	30	27	39	29	17	2	19
0	16	4	28	30	47	5	13
27	28	28	25	25	18	23	0	44	24	20	10	28	43	42	5	33	23	23
43	32	37	11	37	17	41	36	25	4	4	2	35	32	29	10	3	5	10	49	29	33	9	7	26	4	14	11	27	39	0	22	24	38	34	11	7	25
32	32	3	34	19	37	14	29	40	19	41	41	0	26	3	9	3	7	23	16	34	13	17	7	39	7	43	0	14	20	49	47	2	4	33	21	41	47	2	34	18	46	27	20	22	30	29	27
5	44	24	20	13	33	9	20	26	11	34	46	12	33	1	16	17	24	9	16	29	45	37	25	23	7	49	3	39	27	41	44	21	17	14	36	0	25
28	36	42	26	48	26	27
43	4	25	9	33	21	46	10	44	6	9	49	45	36	40	41	9
7	45	9	32	3	39	20	46	16	18
43	36	15	49	11	26	32	34	25	44	30	31	4	30	28	42	22	19	2	32	26	49	43
3	33	30	49	49	0	21	44	38	38	44
14	28	36	41	23	16	22	29	48	2	21	21	21	25	3	49	25	48	11	28	31	41	29	32	43	2	27	31	40	23	33	6	3	21	48	28	39	22	7	38	25	31	9	48	6	14	0	33	12	11
46	5	42	30	0	44	7	32	36	32	17	43	36	38
14	29	17	24	17	44	5	26	43	13	42	45	49	7	6	12	3	11	5	33	12	1	43	46	38	27	15	33	13	5	28	30	34	45	6	2	40	13	30	35	26	23	30	25
38	40	35	0	45	20	14	48	15	12	36	43	27	21	8	34	49	38	18	47	46	22	39	9	3	24	38	28	6	15	10
5	47	46	2	17	12	1	33	26	39	28	5	13	36	39	12	27	10	11	23	32	0	35	35	26	23	15	32	38	25	29	46	22	27	48	42	42	1	25	20	43	5	26	6	41	15	20
25	32	44	10	32	29	45	9	2	11	43	42	38	24	38	11	4	39	3
42	30	18	35	35	44	41	28	12	14	49	37	46	43	47	28	24	45	39	28	8	33	20	48	9	11	9	13	2	14	11	44	46	30	32	33	24	23	12	38	37	11	26	35	6	25	16	30	22
8	32	40	30	31	0
42	13	45	9	27	40	5	9	22	41	35	47	3	24	37	16	2	22	22	27	38	2	2	46	12	34	36	42	17	36	36	10	2	31	21	31	23	26	40	45	19	25
22	49	34	40	1	8	12	31	47	16	35	45	30	21	31	23	39	20	9	1	24	40	22	5	14	0	47	11	20	22	8	44	24	42	35	27	1	49	10	0	18	45	45	48	17	28
8	48	32	9	24	25	33	31	41	35	28	4	5	3	13	2	29	5	39	6	6	40	17	8
12	3	9	31	32	34	39	32	17
9
33	40	37	21	21	41	28	24	4	30	5	12	21	11	20	12	30	29	22	45	34	33	26	18	18	18	1	37	18	12	31	4	2	20	25	23	11	5	49	18	36	4	30	7	18
21	48	31
45	16	29	24	34	47	42	37	34	12	49	17	18	4	37	45	29	1	1	29	19	39	35	1	48	5	3	20	6	37	16	1	5	45	25	41	45	19	29	29	34	30	49	4	36
0	16	39	3	47	10	42	34	11	40	40	17	12	46	4	28	49	11	26	27	2	21	46	33	2	32	14	3	37	2	42	37	18	33	42	17	44	34	2
26	42	24	39	40	30
39	41	47	16	44	20	13	27	25	47	43	28	34	46	22	23	16	6	15	34
1
7	28	30	34	19	20	14	38	9	6	36	26	2	8	41	31	33	40	27	12	25	25	36	0	43	42	18	27	44	19	15	4	47	47	38	16	17
7	29	10
7	12	3	0	46	37	40	25	1	17	0	37	18	43	32	36	23	28	7	40	32	5	38	20	23	7	23	30	36	35	27	45	0	31	45	46	20	38	21	21	5	23	10	25	18	44
41	23	21	32	5	26	22	28	1	29	3	34
38	11	13	38	42	9	36	12	47	9	35	4	32	48	30	1	42	43	44
14	28	25	42	0	3	44	30	8	30	0	46	41	13	35	36	24	21
23
36	28	15	36	8	18	28	1	13	48	18	41	23	10	44	28	6	26	36	36	26	32	28	39	19	16	14	43	16	37	26	4
43	40	25	12	19	29	25	19	49	18	42	9	12	22	18	38	8	4
42	34	6	14	2	22	7	19	11	35	23	29	28	14	6	40	35
17	4	36	38	48	48	2	20	18	41	30	22	9	22	9	15	36	11	39	45	32	1	30	6	30	11	22	38	1	7	28	21	13	14	9	13	14	11
32	4	15	7	14	39	16	31	28	29	21	23	12	22	6	20	4	17	42	44	20	1	22	43	14	39	4	29	5	16	14	38	22	29	47	38
15	20	48	44	41	22	8	15	30	28	21	49	20	17	21	21	40	15	37
19	16	34	37	30	24	10	11	21	0	32	36	20	30	33	13	4	41	30	36	20	1	35	40	19	9	14	11	24	3
45	20	28	35	2	3	47	16	26	47	48	15	18	30	48	31	35	39	14	23	9	15	9	2	36	18	18	49	44	21	41	41	43	20	26	48	25	23	14	1	21	14	16
44	14	24	31	6	38	5	17	6	16	21	44	36	39	44	32	13	35	23	8	7	2	6	32	25	22	36	48	36	2	41	33	19	16	16	27	6	23	44	12	39	16
27	7	3	9	20	40	35	29	48	37
32	14	10	18	15	48	23	6	33	44	22	2	21	29	25	15	43	17	31	2	44	41	7	6	11	48	41	42	48	30	30	30	44	42	1	9	42	24
28	18	40	30	41	21	5	6	17	24	40	21	19	31	29	27	44
20	37	27	0	19	7	46	13	10	6	7	34	24	35	4	16	15	45	40	23	4	7	47	44	30	18	27	9	45	21
17	10	15	17	31	25	16	46	35	22	4	22	48	39	28	16	7	26	8	30	30	17	27	26	48	48	5	7	45	28	48	13	39	15	32	22	42	48	19
22	23	2	22	14	30	39	21	6	47	1	38	15	31	14	13	29	19	22	24	48	22	39	39	38	22	13	30	20	32	10
7	14	15	22	47	6	45	5	4	47	44	21	30	10	36	11	32	10	37	32	33	27	23	23	49	36	5	21	21	18	14	28	32	32	2	31	38	48	37	44	47	33	17	27
3	38	27	16	27	11	1	4	36	24	5	23	29	27	46	49	41	26	32	23	29	15	14	29	2	8	26	37	28	5	33	31	45	12	49	22	26	0	27	12	26	32	37	6	9	33
3	10	41	28	41	7	42	20
3	46	49	31	3	32	14	48	46	16
22	16	49	35	43	32	24	1	43	8	8	48	20	0	27	11	7	21	31	18	24
17	7	32	1	24	30	0	40	2	22	6	2	9	1	36	34	4	31	44	13	30	14	15	9	25	24	30	8	42	7
12	14	21	15	40	3	15	30	7	40	39	11	49	40	47	35	45	31	29	10	13	43	25	22	20	1	4	30	45	11	19	9	28	40	25	18	45	42	1	3
40	14	34	32	14	21	29	47	1	41	10	46	18	32	19	19	38	49	15	0	19	24	28	11	1	48	7	44	49	12	28	41	26
26	42	36	5	39	39	47	49	35	17	33	4	37	22	6
24	25	28
36	30	2	45	26
7	4	45	36	21
30	7	29	20	46	28	21	33	45	5	40	34	29	46	38	3	23	17	7	11	47	11
25	15	16	31	13	4	2	36	35	11
7	9	45	28	43	43	35	35	27	14	33	16	19	6	35	28	19	34
28	9	7	47	40	22	1	43	11	38	6	28	45	16	26	24	11	19	11	46	48	28	29	16	47	37	1	28	6	35	20	35	44	29	32	37	2	35	30	13	26	36	43
4	19	47	15	40	9	11	39	37	42	5	36	29	9	14	36	46	34	23	41	14	5
18	42	10	31	18	48	26	42	5	46	39	20	36	0	32	25	39	26	33	26	6	44	42	42	40	27	15	33	43
13	11	16	25	44	35	26	20	27	31	18	18	1	5	19	35	32	8	12	17	36	18	13
12	4	8	29	37	3	3	3	14	19	28	10	4	4	32	33	35	3	2	37	8	23	24	42	31	36	10	20	6	23
18	29	9	49	19	12	2	22	28	22	2	40	28	7	22	12	44	27	14	33	35	37	8	28	20	44	40	40	3	15	41	23	47	2	23	16	14	27	40	42	1	42	32	30	1	7	42	46	34	8
22	47	37	2	19	34	44	12	37	11	3	12	8	8	37	26	22	15	16	17	16	11	1	48	12	10	40	8	47	0
19	49	27	23	19	11	19	31	0	30	36	15	39	44	2	15	17	19	34	36	36	45	37	34	7	48	27	18	47	29	6	16	29	35	41	48	49	10	31
40	17	16	31	14	19	47	33	38	33	19	26	28	6	13	35	6	42	5	3	21	11	21	2	49	12	2	48	24	33	49	17	3	16	48	17	35	47	0	25	30	19	4	10	27	17	46	34	11	3
32	15	11	37	14	25	39	14	2	25	13	19	28	29	19	47	16	17	47	42	49	18	46	10	45	15	8	31	26	11	21	10	28	34	47	44	11	39	8	13
22	34	44	1	4	41	18	21	38	12	20	6	10	30	3
40	35	3	2	8	15	30	42	15	25	5	4	33	19	20	5	3	16	9	7	7	29	30	47	43	3	5	3
8	32	26	45	35	28	3	2	8	47	17	33	3	21	19	24	43	24	27	9	35	37	18	14	19	15	7	22	22	12	8	31	44	34	28	31
32	34	22	31	1	8	34	25	27	10	20	3	40
39	27	48	5	48	16	15	21	38	29	31	21	26	15	0	7	29	34	43	1	15	47	11	2	24	38	12	44	42	2	24
31	25	40	30	43	7	3	31	37	34	3	13	1	5	22	30	39	18	33	6	15	45	8	39	35	23	33	29	25	10	14	9	37	5
30	12	44	11	1	28	16	16	29	21	39	11	12	7	44	19	24	41	29	15	29	2	0	8	30	10	23	39	49	30	30	29	44	24	43	46	4	11	12	33
3	46	47	12	42	16	36	34	48	1	13	0	2	23	30	14	48	21	16	28	3	45	23	29	40	21	33	2	33	18	39	39	14	36	1	7
40	43	3	43	8	3
31	36	14	32	9	30	10	13	27	35	42	18	8	28	22	44	46	11	33	13	49	34	20	4	26	15	9	20	23	15	17	6	1	31	38	12	11	1	27	39	38	22	9	47	0	33	41	48
26	11	45	12	33	0	39	48	9	9	23	26	28	30	27	10	20	42	23	21	19	14	12	41	23	9	43	8	2	42	4	28	5	0	40	39	2	31	39	13	40	13	40	21	45	19	33
11	6	37	33	23	49	26	48	10	20	7	14	14	11	44	21
34	12	15	18	2	31	10	17	21	31	12	42	14	27
23	16	39	46	17
44	29	37	1	43	3	15	37	25	28	24	37	46	42	41	27
8	0	36
42	0	2	48	25	18	37	21	38	5	16	17	42	19	13	48	36	0	23	15	26	12	13
4	40	25	14	40	11	39	34	13	41	33	39	11	20	12	49	27	30	19	22	0
20	36	34	45	3	13	7	16	33	13	8	10	30	48	21	19	33	37	10	18	28	23	40	40	23	18	21	44	40	23	28	10	9
5	15	27	14	33	13	28	42	23	8	42	47	29	27	36
45	14	14	36	4	37	4	27	33	46	0	11	6	12	26	13	27	5	27	10	18	7	4	44	17	47	43	46	24	29	37	20	43	2	8	49	41	12	27	25
29	38	16	41	16	31	20	22	10
42	18	37	38	37	36	31	34	11	10	21	33	5	23	41	5	15	5	34	40	15	13	28	33	5	45	14	27	19	26	10	13	46	0
34	36	33
47	46	39	30	1	13	23	8	30	28	42	20	43	6	0	26	13	47	42
18	19	3	32	15	3	34	49	39	19	17	39	17	9	21	19	22	45	29	4	25	22	24	21	30	26	47	43	24	42	35	44	11	38	26	26	41	12	28	33	34
24	1	6	45	22	30	42	2	34	18	24	8	39	6	37	38	49	13	30	34	7	43	23	36	22	16	48	0	1	34	47	25	36	4	23	10	34	15	14	19	35	40	29	26	46	16
45	29	49	32	39	43	7	25	15	23	25	15	27	10	12	4	48	18
10	3	45	25	24	30	15	3	9	12	22	26	7	3	25	41	42	18	48	19	35	24	45	2	1	7	17	5
35	33	15	40	28	42
10	8	18	19	20	42	47	29	45	23	21	40	43	19	11
43	6	33	46	15	0	4	22	36	39	40	26	17	32	41	29	40	11	49	12	5	48	42	0	21	13	42	17	34	4
30	12	31	28	28	32	32	2	20	21	42	46	40	25	39	20	17	2	21	30	7	19	24	8	43	39	2	10	23	6	8	5	21	41	34	49	23	16	3	43	40	46	42	30	23	31	0	40	34
22	41	45	46	1	38	35	6	48	11	12	8	16	35	49	2	36	25	21	40	20	11	36	12
9	44	44	1	30	19	24	23	14	22	25	2	8	33	2	19	45	12	37	33	14	40	19	39	11	9	9	24	45	24	15	6	18	11	10	0	33	36	23	47	8	0
16	33	4
31	19	25	14	33	17	33	24	28	43	35	4	40	9	19	49	29	33	9	31	16	45	5	15	3	7	17	22	41	24	11	24	43	36	38	28	5	23
33	18	39	39	11
9	10
44	21	14	12	18	21	27	23	28	45	45	21	19	7	45	14	45	35	42	1	11	48	36	29	37	26	42	40	37	4	23	33	25
45	43	8	22	19	38	17	14	10	38	23	5	4	19	43	48	22	4	46	8	35	34	36	28	26	23	34	49	6	10	38	3	5	46	26	24	37	45
47	36	16	4	40	35	47	39	9	3	35	18	41	21	6	21	48	32	5	47	38	17	36	42	23	34	20	49	21	15	42	20	1	9	25	44	46	24	33	6	30	18
21	42	32	42	40	14	49	39	5	17	25	49	42	12	19	41	35	36	36	6	40	45	31	34	41	7	19
37	39	25	8	31	10	2	21	26	2	11	31	19	38	32	11	2	1	4	38	40	40	44	30	37	27	16	29	34	35	30	22	24	6	32	6	18	37	29	44	39	40	28	10	31	10	23	33	14	27
4	20	17	36	7	44	2	38	29	39	19	3	13	27	37	21	45	24	1	41	15	43
25	24	30	0	10	44	28	33	0	0	1	36	9	45	40	48	26	29	19	31
46	19	16	43	43	17	34	11	12	6	36	39	36	39	49	32	19	34	32	19	35	20	28	33	10	28	9	39	47	43	33	45	12	49	40	7	18	27	18	31	33	7	22
46	21	3	15	5	37	36	43	7	14	26	19	45	37	8	42	30	43	40	44
32	2	15	9	22	48	42	29	20	13	27	43	16	44	1	3	30	44	12	45	22	31	42	9	41	36	42	37	26	38	32	9	40	49	18	15	48	13	46	18	26	24	12	43	20	15
1	9	11	48	31	44	40	42	36	26	36	23	5	25	7	14	17	6	34	32	4	47	29	25	26	5	39	21	25	4	19	28	15	32	26	48	27	16	40	15	45	29	40	0	4	47	16	23	5
6
0	37	37	28	44	26	49	21	32	18	0	47	3
45	30	45	37	47	40	16	37	40	22	36	6	46	41	8	2	3	10	41	42	38	35	20	37	8	2	8
1	11	35	46	43	32	34	40	22
27	14	25
20	21	6	30	25	12	43	18	4	31	5	27	21	13
31	22	33	42	9	29	35	41	15	27	15	20	4	29	47	19	1	20	27	31	45	39	24	15	46	8	20	23	31	33	4	12
37	6	18	19	43	11	36	20
8	26	5	5	47	6	25	24	40	22	14	14	37	12	24	9	35	5	45	41	17	2	31	23	23	0	18
38	38	11	47	16	18	2	13	27	28	38	17	2	4	33	40	18	8	49	3	15	44	46	35	49	27	10	22	27	29	6	18	19	19	15
40	19	49	17	49	39	36	2	43	21	42	11	31	43	16	47	38	13	32	39	40	44	11	20	23	19	38	43	41	5	29	31	24	28	0	24	20
26	13	9	20	27	41	13	45	38	3	10	22	42	1	16	3	23	42	25	11	35	16	18	16	49	42	46	1	18	16	39	44	32	48	16	11	39	30	6
33	17	1	28	20	20	31	43	12	8	6	49	26	24	15	25	16	13	26	35	30	15	31	12	16	48	23	5	30	31
13	48	38	43	18	8	27	11	22	35	17	21	12	41	38	39	10	2	16	47	34	33	30	46	49	28	21	7	8	4	44	24	3	32	19	23
46	37	15	32	6	37	46	0	27	35	10	29	3	9	13	37	39	11	38	20	34	47	30	39	41	6	44	26	26	19	19	22	6	34	4	13	23	0	15	3	38	25	32	41
48	30	25	11	21	47	46	18	28	37	10	34	33	36	10	2	5	33	9	41	39	24	17	42	39	20	30	16	4	23	2	4	4	29	16	25	27
45	5	3	5	41	36	43	4	38	0	37	49	44	28	25
22	14	33	4	32	39	28	36	44	34	18	12
45	26	6	2	29	14	45	17	9	49	7	10
7	4	17	34	17	41	1	2	46	33	41	26	22	37	12	40	49	23	37	27	31	39	6	47	36	25	7	36	33	19	24	42	23	43	26	42	35	27	44
13	37	9	35	25	21	25	24	46	12	2	29	3	10	29	39	36	36	25	19	5	2	13	30	45	39	22	30	19	16	13	32
24	19	30	45
5	43	8	9	23	13	21	2	2	9	40	30	28	45	34	43	27	29	33	49	12	2	17	27	36	22	2	5	3	49	1	10	43	11	19	16	24	42	20	28	2	10	10	32	7
26	36	24	9	35	38	13	2	15	1	24	17	8	29	17	9	39	12	22	8	30	46	3	0	26	5	12	37	37	21	31	13	7	7	24	42	45	37	46	11	40	22	30	48	2
9	43	11	31	4	41	29	7	43	6	12	7	43	1	28	26	15	35	34	39	29	29	29	27	40	21	2	23	20	6	22	29	49	36	11	3	29	40	10	25	48	24	32	41	26	13	18	41	48	2
30	33	13	9	26	35	11	49	7	17	23	36	19	9	49	22	41	42	33	16	40	7	0	34	35	13	2	26	14	6	11	44	39
5	15	11	17	16	18	36	40	7	7	1	6	30	42	48	15	8	41	24	9	25	10	22	27	38
35	49	32	26	26	40	44	39	7	10	8	45	0	17	3	2	23	35	46	24	0	7	15	26	16	40	36	40	19	27	29	4	26	13	30	4	3	26	44
37	4	10	39	21	15	41	46	0	40	20	2	47
28	15	27	17	7	46	44	38	2	22	4	35	29	7	11	23	22	48	29	34	38	2	49	31	48	49	21	19	1	18	6	31	35	34	0	43
46	31	35	19	35	20	48	45	31	23	17	30	4	1	20	6	2	1	4	1	25	25	4	43	32	37	29	18	38	24	0	36	5
5	41	7	5	36	41	30	5	21	34	8	43	40	12	44	47	13	19	22	19	15	6	8	46	26	48	20	29	35	25	16	42	18	26	48	6	17	30
40	17	23	33	9	35	27	6	0	49	31	21	16	37
12	16	30	34	45	15	11	13	8	32	39	8	38	6	40	4	48	7	27	31	17	15	11	25	15	12	6	39	28	44	21
12	1	26	7	17	39	20	27	21	12	37	10	20	27	16	19	35	45	2	4	10	13	29	28	27	36	17	5	32	38	49	44	39	25	3	8	15	23	37	38	35	24	0
2	16	27	39	12	29	43
45	24	0	22	10	19	30	44	7	29	38	49	7	43	9	24	17	47	12	4	21	13	12
29	39	14	43	21	9	16	16	34	18	38	46	40	18	43	47	0	31	48	7	27	8	31	44	7	45
28
15	6	40	6	22	33	27	34	1
20	22	34	16	12	4	9	11	6	43	10	13	20	20	46	16	27	42	18	7	2	33	15	44	42	38	28	19	22	31	15	42	3	1	10	15	7	22	27	14	17	39	29	39	11	26
38	20	25	47	24	11	13	19
1	47	24	25
41	19	34	42	29	1	2	3	30	16	20	19	47	9	30	25	16	20	45	44	20	22	5	33	41	10	36	40	34	13	20
32	4	20	13	8	24	17	38	40	39	8	40	1	40	15	17	13	11	13	33	33	20	18	26	30	6	16	17	19
45	3	45	17	16	3	42	35	41	34	25	49	26	26	42	42	45	5	5	11	40	40	31	8	16	14	14	34	31	35	22	28	38	17	47	4	20	41	42
28	19	13	4	47	5	46	44	12	1	5	4	41
14	9	3	30	43	36	15	16	14	3	35	13	10	6	5	4	18	35	23	33	39	20	41	38	14	3	39	22	10	33	9	24	44	12	5	38	48	20
14	26	41	29	38	47	36
17	21	15	1	13	37	42	1	3	47	42	25	7	27	36	34	22	48	39	10	48	11	18	14	39	9	44	27	9	30	21	26	4	38	29	17	27	23	18	31	21	12	6
40	45	14	12	45	5	24	44	19	44	10	8	3	6	38	14	37	11	43	41	0	22	10	29	46	30	10	19	42	19	1
14	18	46	9	23	22	5	42	16	16	3	22	22	43	36	11	4	29	4	6	4	14	36	2	44	48	21	39	17	24	21	33	42
43	16	42	48	10	11	16	15	33	41	10	19	2	17	1	9	23	5	23	11	7
10	30	9	29	4	32	13	47	4	8	15	49	6	27	10	25	45	43	16	5	14
22	15	29	48	22	5	9	29	27	21	9	36	1	14	20	14	13	25	22	28	24
7	36	7	2	31	25	8	45	46	30	13	25	28	35	32	40	17	9	11	26	47	12	42	20	28	7	45	2	37	21	35
9	44	47	40	20	7	37	16	38	0	43	18	38	26	10	5	37	22	33	35	36	28	5	17	35	2	21	23	25	8	18	34	3	17	26	23	25	13	39	15	14	34	35	4	12	46
0	20	42	37	6	22	42	23	8	46
33	21	5	3	7	8	20	33	31	47	46	22	12	12	9	0	16	21	46	25	23	16	20	10	24	42	4	0	2	0	47	35	23	2	38	30	13	11	13	46	8	12	19	23	24	30	23	43
21	20
39	40	37	13	35	42	13	39	44	12	25	18	17	15	48	30	26	14	26	37	28	47	10	4	27	35	47	31
18	10	45	10	47	10	47
26	37	36	38	14	6	7	29	4	39	8	20	16	45	0	15	5	5	45	40	2	28	48	20	38	43	33	37	5	30	29	31	17	17	22	31	23	29	11	29	19	19
37	16	2
21	7	1	13	12
11	34	19	6	17	7	11	48	38	45	17	7	19	49	32	0	12	11	19	33	15	8	49	18	15	22	27	16	35	39
48	24	15	4	43	24	17	41	14	14	9	21	33	10	3	34	24	17	5	7	32	16	8	2	31	30	30	47	17	21	45	15	47	13	21	41	37	40	32	2	5	43	25	38	5	29	22
48	30	36	32	46	46	35	27	28	17	24	45	38	20	12	36	33	33	29	22	24	11	26	29	7	2	19	12	33	44
33	24	30	15	22	29	0	49	7	19	25	5	8	47	17	46	32	1	25	5	27	38	33	8	47	37	27	12	22	23	4	5	47	36	21	19	17	23	20	25	43	46	30
45	47	1	28
28
29	18	20	37	16	8	17	28	30	40	34	38	38	22	9	9	40	34	32	17	27	30	47	32	25	46	33	3	49	13	40	28	32	11	16	48
33	28	1	23	12	41	13	36	2	25	26	37	7	43	16	37	42	49	12	39	34	18
48	10	16	30	21	34	30	42	17	8	46	43	22	37	8	8	40	33	37	29	40	30	45	29	23	46	44	14	31	14	2	29	24	20	11	46	5	41	40
1	38	19	23	26	28	33	18	11	20	47	4	3	42	35	26	39	29	42	22	43	44	3	18	16
16	23	7	8	48	10	47	19	35	23	47	18	43	11	41
17	44	34	2	22	25	32	14	47	27	10	2	47	26	18	13	0	27	24	0	37	21	21	24	46	19	43	39	30	36	31	49	30	17	1	2	43	35	18	42	15
45	12	4	15	28	6	43	2	8	30	23	30	5	21	1	0	12	33	36	43	32	18	10	33	22	5	21	40	0
18	47	48	24	12	28	31	5	30	41	38	5	21	43	28	24	45	40	7	33	33	39	1	46	25	25	3	46	15	5	32	35	2	32	9	17	13
22	45	34	10	1	7	5	31	32	0	22	39	33	5	29	36	3	6	11	9	2	26	14	36	13	17	20	23	36	33	15	8	31	49	21	34	7	26	15	41	29	37	30
45	11	1	48	17	12	9	21	41	24	9	4	43	30	29
15	45	39	46	46	10	30	5	39	46	46	18	35	29	34	30	40	35	31	10	0	40	33	43	14	43	49	7	25	29
42	26	28	39	24	40	21	30	29	19	28	49	7	7	34	37	0	21	18	10	23	9	43	16	25	38	16	35	13	47	23	6	25	3	47	49	44	20	29
42	8	25	49	17	11	36	17	34	7	29	8	18	25	24	43	13	42	28	29	41	4	35	16	7	34
1	4	47	27	48	7	4	47	25	15	36	42	1	43	24	9	11
34	6	14	28	35	43	20	39	30	36	48	14	4	0	21	2	29	19	9	33	19	36	0	5	31	1	48	5	11	11	6	47	17	20	25	4	16	47	43	46	34	44	13	40	44	34	42	25	5	4
24	40	10	29	21	13	29	28	26
34	23	10	5	1	14	21	48	10	19	34	4	32	25	0	18	19	25	26	23	35	0	16	45	32	39	10	13	18	37	6	2	10	16	7	13	30	30	12	40	0
44	34	23	44	3	43	21	31	18	6	31	36	3	15	26	14	29	44	1	37	46	13	3	6	27	33	38	39	26	40	37	22	25	13	19	30	6	40	11	26	47	44	13	0	10	41	14
35	15	28	33	29	33	39	8	18	30	47	44	20	36	17	45	49	36	27	7	26	38	34	25	33	49	26	45	40	42	38	27	10	18	10	41	1	2	49	19	34	46
4	34	33	2	34	21	29	43	49	18	29	25	3	28	3
20	47	38	49	7	6	12	48	7	14	47	26	0	45	42	4	30	27	6	16	0	38	9	0	8	39	27	11	19	32	11	42	29	49	41	37	5	3	35	12	19	35	40	19	30	35	26	12	12
28	15	22	40	15	30	31	44	41	0	26	4	42	7	3	36	44	10	39	32	24	9	17	15	30	47	2	6	12	16	41	42	31
32	48	44	15	42	37	18	20	42	12	28	47	48	22
38	4	34	49	23	1	29	23	3
35	20	29	27	3	42	12	2	38	27	44	28	47	15	20	10	45	19	8	17	29	46	24	14	47	49	15	27	22	21	15	9	41	46	39	44	38
48	29	32	43
30	10	29	40	5	48	48	24
47	0	44	44	0	11	23	22	32	40	34	25	36	23	22	27	26	20	6	8	15	13	38	27	42	30	34	42	29	9	22
9	18	24	11	32	48	36	16	40	20	42	29	45	16	6	21	38	14	31	4	27	22	33	21	2	18	13	33	27
11	38	6	36	0	38	36	36	5	26	8	49	7	3	15	15	26	3	29	7	9	8	31	43	29	34	11	45	17	40	33	29	30	39	17	30	30	3	18
31	28	36	39	31	3	6	7	8	36	17	20	46	48	15	26	34	26	21	4	18	6	35	48	45	2	31	27	5	1	14	38	30	2	29	11	7	36
18	24	40	38	20	40	5	48	27	33	21	31	1	27	16	1	23	20	32	2	27	34
15	14	21	45	27	31	33	0	49	7	40	39	29	33	44	28	10	27	49	43
27	9	31	2	31	14	4	8	0	23	23	14	47	20	43	30	3	44	29	10	36	20	40	19	16	20	31	45	19	24	25
35	6	0	16	22	7	24	22	32	0	38	31	20	34	11	24	28	42	36	16	12	28	38	30	48	19	25	20	46	0	18	33	9	21	2	31	30	28	6	14	28	46	48	49	30	9	25	10	4
27	18	42	17	49	42	36	24	12	34	27	33
36	6	22	19	38	0	25	4	29	24	2	30	4	14	7	17	18	18	44	36	12
37	5	1	14	19	36	41	4	8	27	10	30	46	0
24	5	13	48	7	43	4	21	0	21	41	21	17	30	35	30	17	40	32	31	12	20	22	16	28	1	29	8	48	29	42	22	34
22	42	49	26	15	2	0
25	17	37	10	0	6	3	32
15	2	12	31	32	14	10	42	14	42	34	38	26	40	12	20	42	38	36	44	38	45	21	8	34	31	8	42	34	42	32	49	46	47	33	28	13	45	20	27	37
17	16	47	29	36	41	19
37	10	21	8	20	7	39	28	0	26	20	32	27	16	29	12	46	42	8	18	21	47	24	40	13
21	2	12	41	28	1	3	0	9	23	7	1	1	9	27	23	42	4	41	23	17	39
27	7	41	24	31	32	40	5	5	44	19	46	22	21	1	24	30	24	34
27	43	10	2	37	17	45	11	34	34	31	13	41	22	39	25	6	31	30	12	25	49	10	0	22	12	26	3	38	10	36	16
47	18	43	14	16
0	0	37	15	44	12	4
20	38	49	34	15	0	45	15	23	9	42	28	47	4	16	15	10	13	36	4
2	10	31	4	0	48	48	12	5	17	32	43	18	17	8	21	14	26	46	23	20	24	22	24	42	40	35	8	26	41
30	3	21	34	3	21	33	15	26	2	0	21	23	19	32	44	33	8	42	8	30	18	32	4	10	22	41	18	0	34	8	30	38	31	17	41	2	2	9	31
